##TITLE= RQQIV-V
##JCAMP-DX= 4.24
##DATA TYPE= INFRARED SPECTRUM
##ORIGIN= JASCO
##OWNER= 
##DATE= 19/12/19
##TIME= 12:44:25
##SPECTROMETER/DATA SYSTEM= 
##RESOLUTION= 
##DELTAX=   0.48211674
##XUNITS= 1/CM
##YUNITS= TRANSMITTANCE
##XFACTOR= 1.00000
##YFACTOR= 0.0001
##FIRSTX=   649.8934
##LASTX=  4000.1226
##NPOINTS=     6950
##FIRSTY=      1.02394
##MAXY=      1.04256
##MINY=      0.51796
##XYDATA= (X++(Y..Y))
649.8934 10239 10207 10201 10245 10328 10408 10426 10339 10158 9937 9748 9634
655.6788 9599 9616 9646 9668 9683 9708 9756 9827 9905 9974 10023 10058 10091
661.9463 10130 10169 10187 10160 10078 9958 9834 9740 9698 9713 9784 9891 9981
668.2138 9975 9892 9823 9797 9803 9830 9875 9935 9998 10040 10033 9964 9849
674.4813 9725 9637 9617 9669 9770 9885 9984 10050 10082 10084 10062 10021 9970
680.7488 9919 9878 9850 9836 9835 9850 9886 9941 10003 10046 10047 9995 9903
687.0164 9804 9727 9688 9683 9692 9694 9678 9653 9633 9630 9641 9656 9671 9698
693.7660 9740 9784 9811 9811 9776 9707 9619 9534 9482 9482 9542 9647 9767 9863
700.5156 9903 9872 9785 9674 9573 9499 9445 9391 9322 9242 9174 9143 9161 9214
707.2653 9267 9287 9254 9174 9068 8958 8855 8751 8628 8466 8255 8005 7737 7482
714.0149 7267 7105 6994 6932 6882 6852 6845 6868 6922 7001 7093 7190 7297 7428
720.7645 7599 7817 8069 8334 8587 8815 9013 9187 9343 9481 9596 9679 9726 9746
727.5142 9754 9766 9791 9827 9862 9881 9876 9850 9816 9791 9783 9792 9811 9832
734.2638 9855 9883 9921 9967 10014 10048 10060 10048 10017 9978 9940 9913 9899
740.5313 9897 9899 9896 9880 9853 9828 9818 9834 9872 9912 9932 9919 9883 9848
747.2809 9836 9858 9902 9944 9960 9947 9920 9902 9910 9944 9989 10026 10043
753.5485 10042 10030 10017 10007 9999 9990 9976 9954 9924 9888 9856 9841 9854
759.8160 9894 9948 9994 10012 9995 9954 9905 9866 9842 9831 9828 9833 9850
766.0835 9882 9927 9975 10012 10029 10019 9983 9928 9865 9803 9753 9723 9714
772.3510 9725 9751 9786 9823 9853 9870 9872 9863 9852 9849 9854 9865 9871 9869
779.1006 9859 9847 9839 9836 9837 9845 9865 9900 9948 9999 10030 10026 9983
785.3682 9914 9844 9796 9786 9809 9850 9886 9897 9879 9843 9808 9792 9804 9834
792.1178 9869 9890 9889 9868 9843 9827 9833 9858 9891 9916 9921 9903 9874 9851
798.8674 9846 9858 9876 9882 9865 9829 9787 9760 9758 9782 9822 9864 9895 9909
805.6171 9911 9909 9913 9928 9951 9972 9979 9970 9945 9915 9889 9872 9861 9850
812.3667 9835 9810 9777 9740 9703 9669 9641 9620 9607 9598 9589 9575 9555 9529
819.1163 9501 9472 9443 9414 9383 9352 9327 9316 9324 9354 9403 9460 9516 9562
825.8660 9591 9602 9596 9578 9557 9548 9565 9615 9687 9760 9808 9816 9784 9730
832.6156 9679 9645 9633 9638 9650 9665 9680 9695 9711 9725 9733 9730 9715 9687
839.3652 9650 9610 9572 9544 9527 9522 9526 9539 9558 9582 9608 9634 9654 9667
846.1149 9674 9675 9672 9665 9653 9636 9615 9592 9572 9557 9552 9556 9569 9590
852.8645 9611 9624 9624 9610 9588 9570 9564 9572 9588 9603 9609 9601 9585 9566
859.6141 9550 9539 9535 9535 9542 9554 9568 9579 9580 9566 9535 9495 9456 9429
866.3638 9421 9432 9450 9464 9461 9437 9399 9357 9321 9292 9268 9240 9202 9151
873.1134 9088 9020 8948 8875 8798 8712 8612 8494 8360 8218 8083 7972 7902 7883
879.8630 7916 7997 8114 8254 8408 8566 8722 8869 8997 9101 9177 9228 9261 9286
886.6127 9310 9339 9373 9409 9440 9463 9477 9485 9491 9498 9503 9505 9500 9488
893.3623 9475 9466 9466 9475 9490 9502 9507 9502 9489 9474 9464 9462 9465 9466
900.1119 9455 9426 9381 9326 9275 9236 9211 9196 9182 9159 9125 9078 9022 8958
906.8616 8886 8804 8711 8605 8488 8362 8233 8103 7973 7846 7726 7623 7553 7529
913.6112 7565 7664 7821 8022 8246 8470 8675 8852 8998 9121 9227 9319 9397 9457
920.3608 9498 9527 9551 9578 9610 9646 9681 9710 9732 9746 9753 9752 9744 9730
927.1105 9716 9705 9702 9707 9718 9734 9752 9770 9786 9794 9793 9780 9759 9734
933.8601 9709 9688 9672 9661 9656 9660 9673 9694 9719 9741 9754 9757 9751 9741
940.6097 9732 9727 9727 9729 9730 9726 9717 9704 9691 9682 9679 9683 9689 9695
947.3594 9701 9708 9718 9728 9735 9738 9734 9727 9722 9723 9731 9743 9756 9764
954.1090 9764 9757 9744 9725 9704 9683 9662 9643 9625 9609 9593 9580 9570 9566
960.8586 9570 9580 9591 9598 9594 9578 9553 9524 9499 9482 9476 9480 9491 9503
967.6083 9509 9506 9490 9463 9427 9391 9357 9331 9314 9303 9294 9283 9266 9246
974.3579 9224 9206 9194 9187 9180 9166 9143 9109 9070 9033 9005 8987 8978 8971
981.1075 8959 8935 8897 8849 8795 8739 8685 8632 8580 8528 8476 8422 8367 8305
987.8572 8232 8144 8038 7916 7781 7635 7483 7326 7170 7026 6906 6823 6784 6791
994.6068 6836 6907 6987 7060 7114 7140 7135 7104 7055 6996 6935 6878 6828 6789
1001.3564 6765 6760 6777 6814 6869 6939 7023 7121 7239 7378 7536 7705 7873
1007.6240 8030 8168 8287 8387 8470 8538 8591 8626 8642 8641 8627 8602 8570
1013.8915 8531 8481 8418 8340 8247 8141 8021 7884 7727 7543 7332 7096 6844
1020.1590 6588 6344 6128 5963 5866 5851 5920 6068 6283 6547 6845 7162 7482
1026.4265 7793 8082 8339 8561 8748 8903 9028 9128 9206 9266 9315 9357 9395
1032.6941 9426 9446 9456 9458 9459 9468 9487 9515 9546 9574 9593 9602 9603
1038.9615 9601 9600 9602 9610 9624 9643 9665 9688 9709 9727 9742 9753 9759
1045.2291 9758 9751 9740 9731 9730 9740 9762 9791 9819 9839 9848 9847 9840
1051.4966 9834 9833 9839 9851 9864 9873 9874 9867 9855 9845 9843 9851 9866
1057.7642 9883 9897 9906 9915 9925 9939 9953 9963 9963 9953 9937 9920 9904
1064.0316 9892 9881 9871 9861 9854 9849 9847 9849 9850 9850 9845 9833 9814
1070.2992 9790 9763 9739 9720 9708 9701 9696 9689 9681 9671 9662 9657 9657
1076.5667 9661 9665 9668 9665 9658 9648 9640 9638 9643 9654 9667 9676 9681
1082.8342 9679 9673 9664 9654 9644 9637 9636 9645 9663 9687 9707 9714 9702
1089.1017 9673 9637 9605 9585 9579 9581 9584 9580 9567 9548 9529 9517 9517
1095.3693 9533 9562 9597 9625 9637 9626 9594 9555 9521 9505 9508 9525 9546
1101.6367 9561 9567 9563 9552 9537 9518 9494 9465 9435 9408 9387 9374 9366
1107.9043 9362 9361 9362 9364 9363 9355 9337 9310 9281 9259 9250 9256 9267
1114.1718 9273 9265 9242 9211 9182 9160 9146 9137 9125 9109 9090 9073 9063
1120.4393 9061 9063 9066 9063 9054 9037 9014 8987 8959 8932 8910 8896 8890
1126.7068 8890 8891 8888 8879 8863 8843 8822 8802 8783 8764 8746 8727 8708
1132.9744 8691 8676 8662 8649 8637 8627 8618 8609 8600 8586 8567 8543 8517
1139.2418 8492 8474 8461 8452 8441 8422 8395 8358 8317 8276 8239 8209 8183
1145.5094 8157 8125 8082 8029 7970 7913 7862 7819 7781 7741 7693 7636 7573
1151.7769 7511 7457 7413 7378 7343 7302 7250 7188 7119 7048 6979 6915 6856
1158.0444 6801 6750 6702 6653 6603 6550 6497 6447 6404 6369 6339 6309 6274
1164.3119 6235 6192 6148 6104 6061 6017 5972 5927 5885 5847 5814 5783 5752
1170.5795 5721 5690 5656 5618 5576 5530 5485 5446 5416 5395 5378 5359 5334
1176.8469 5304 5272 5242 5216 5197 5184 5180 5186 5208 5248 5309 5390 5492
1183.1145 5617 5766 5940 6139 6358 6589 6821 7043 7240 7402 7521 7593 7620
1189.3820 7606 7553 7464 7342 7188 7009 6812 6610 6412 6226 6058 5911 5785
1195.6495 5680 5595 5534 5501 5504 5551 5649 5797 5991 6221 6469 6723 6974
1201.9170 7213 7438 7647 7842 8019 8179 8319 8440 8542 8630 8710 8783 8851
1208.1846 8912 8963 9005 9037 9063 9084 9102 9117 9128 9133 9135 9136 9138
1214.4520 9142 9146 9145 9138 9124 9109 9099 9099 9109 9127 9146 9162 9175
1220.7196 9186 9197 9207 9215 9216 9207 9186 9158 9126 9095 9068 9044 9022
1226.9871 8999 8974 8946 8917 8890 8867 8851 8843 8843 8847 8851 8852 8846
1233.2546 8832 8810 8785 8758 8731 8703 8673 8640 8603 8562 8520 8474 8424
1239.5221 8365 8298 8222 8141 8058 7974 7889 7801 7709 7613 7514 7413 7308
1245.7897 7199 7083 6964 6843 6721 6601 6482 6365 6250 6140 6039 5950 5876
1252.0571 5821 5784 5768 5771 5790 5821 5860 5901 5937 5963 5971 5956 5916
1258.3247 5854 5777 5692 5607 5527 5452 5384 5325 5276 5239 5216 5208 5212
1264.5922 5229 5256 5294 5342 5397 5457 5519 5582 5646 5716 5798 5897 6016
1270.8597 6155 6312 6482 6661 6850 7046 7250 7462 7678 7893 8101 8294 8467
1277.1272 8618 8745 8851 8940 9014 9078 9134 9185 9228 9264 9291 9310 9321
1283.3948 9325 9324 9318 9310 9301 9295 9291 9287 9283 9277 9269 9260 9252
1289.6622 9248 9246 9246 9247 9248 9246 9243 9239 9233 9226 9215 9201 9184
1295.9298 9165 9147 9130 9115 9101 9085 9068 9046 9021 8991 8952 8905 8847
1302.1973 8779 8704 8625 8542 8456 8368 8275 8176 8071 7958 7837 7709 7575
1308.4648 7439 7304 7171 7042 6915 6787 6661 6539 6423 6319 6227 6149 6086
1314.7323 6039 6012 6008 6030 6077 6150 6246 6363 6499 6650 6810 6976 7142
1320.9999 7306 7467 7623 7771 7908 8033 8146 8249 8346 8439 8530 8619 8704
1327.2673 8784 8859 8926 8986 9041 9090 9136 9181 9226 9272 9317 9361 9402
1333.5349 9437 9465 9487 9504 9516 9527 9537 9548 9559 9570 9578 9583 9584
1339.8024 9582 9577 9571 9565 9557 9548 9537 9525 9513 9503 9496 9489 9482
1346.0699 9472 9457 9437 9412 9386 9358 9329 9299 9267 9232 9192 9147 9096
1352.3374 9041 8982 8920 8857 8791 8721 8645 8563 8473 8374 8265 8146 8019
1358.6050 7884 7746 7607 7472 7349 7242 7158 7102 7075 7081 7118 7185 7279
1364.8724 7396 7533 7684 7842 7998 8146 8284 8413 8533 8641 8734 8811 8873
1371.1400 8925 8971 9014 9057 9098 9138 9175 9208 9238 9264 9287 9308 9327
1377.4075 9344 9361 9379 9399 9419 9439 9457 9471 9480 9484 9484 9482 9479
1383.6750 9478 9478 9480 9484 9488 9492 9493 9487 9474 9454 9431 9409 9393
1389.9425 9382 9378 9379 9387 9401 9422 9447 9475 9503 9530 9556 9580 9604
1396.2101 9627 9648 9667 9682 9694 9702 9708 9715 9721 9729 9737 9746 9754
1402.4775 9759 9759 9754 9744 9731 9719 9710 9703 9697 9688 9676 9659 9637
1408.7451 9612 9582 9550 9516 9482 9452 9426 9404 9384 9364 9342 9316 9285
1415.0126 9250 9211 9173 9137 9108 9086 9067 9046 9017 8982 8946 8912 8883
1421.2802 8859 8839 8820 8798 8767 8720 8653 8562 8441 8288 8099 7879 7642
1427.5476 7407 7196 7030 6926 6898 6944 7046 7177 7315 7449 7576 7692 7792
1433.8152 7871 7932 7980 8028 8086 8163 8254 8338 8403 8452 8498 8549 8608
1440.0826 8671 8736 8799 8859 8916 8969 9017 9058 9090 9116 9136 9153 9166
1446.3502 9176 9180 9178 9166 9145 9116 9080 9036 8983 8922 8851 8775 8694
1452.6177 8610 8523 8435 8348 8267 8201 8159 8155 8206 8312 8453 8600 8739
1458.8853 8872 9000 9120 9227 9321 9401 9468 9525 9575 9618 9656 9688 9715
1465.1527 9738 9759 9779 9798 9816 9833 9847 9858 9865 9872 9880 9891 9903
1471.4203 9913 9920 9925 9929 9933 9934 9934 9935 9938 9940 9942 9942 9943
1477.6877 9945 9950 9958 9965 9969 9968 9962 9955 9951 9951 9954 9958 9961
1483.9553 9960 9955 9946 9935 9923 9911 9900 9893 9888 9883 9879 9877 9878
1490.2228 9885 9893 9898 9897 9890 9883 9879 9880 9886 9895 9902 9904 9899
1496.4904 9891 9886 9884 9886 9888 9889 9887 9883 9879 9879 9882 9887 9891
1502.7578 9893 9892 9892 9892 9893 9889 9875 9854 9841 9839 9841 9840 9835
1509.0254 9830 9826 9825 9828 9835 9845 9854 9862 9865 9865 9861 9856 9852
1515.2928 9848 9845 9843 9846 9853 9859 9863 9865 9867 9868 9869 9866 9864
1521.5604 9866 9868 9867 9864 9863 9865 9870 9877 9883 9886 9887 9886 9885
1527.8279 9886 9887 9890 9891 9891 9890 9888 9886 9886 9886 9888 9890 9895
1534.0955 9898 9896 9890 9880 9871 9864 9861 9861 9861 9856 9846 9839 9842
1540.3629 9850 9858 9862 9862 9861 9860 9864 9872 9885 9901 9916 9927 9933
1546.6305 9936 9937 9939 9940 9940 9938 9936 9937 9942 9949 9957 9966 9975
1552.8979 9981 9980 9968 9948 9930 9919 9918 9926 9939 9950 9950 9940 9938
1559.1655 9954 9970 9963 9940 9911 9887 9870 9861 9856 9851 9845 9838 9834
1565.4330 9834 9835 9833 9828 9821 9815 9813 9818 9832 9850 9863 9865 9859
1571.7006 9849 9839 9830 9823 9822 9826 9837 9850 9859 9861 9856 9846 9836
1577.9680 9830 9827 9827 9827 9826 9824 9823 9824 9828 9833 9836 9835 9830
1584.2356 9823 9815 9809 9803 9798 9792 9784 9774 9765 9757 9752 9748 9744
1590.5031 9736 9725 9712 9699 9689 9683 9680 9679 9677 9673 9665 9655 9646
1596.7706 9637 9629 9621 9613 9604 9594 9584 9575 9569 9565 9565 9564 9561
1603.0381 9556 9549 9542 9536 9530 9523 9516 9506 9495 9483 9470 9457 9445
1609.3057 9435 9426 9419 9411 9402 9389 9374 9357 9339 9322 9305 9292 9279
1615.5731 9266 9249 9229 9208 9187 9162 9135 9106 9075 9042 9006 8971 8936
1621.8407 8901 8866 8827 8787 8749 8715 8685 8660 8639 8621 8606 8591 8576
1628.1082 8561 8544 8524 8501 8473 8438 8396 8348 8298 8251 8212 8181 8152
1634.3757 8117 8064 7992 7914 7844 7785 7733 7684 7637 7589 7540 7487 7432
1640.6433 7375 7319 7269 7227 7197 7179 7174 7183 7211 7263 7347 7463 7603
1646.9108 7752 7896 8032 8157 8268 8361 8437 8499 8554 8605 8651 8683 8695
1653.1783 8695 8691 8679 8658 8633 8606 8576 8543 8509 8473 8435 8394 8347
1659.4458 8295 8238 8180 8124 8068 8009 7941 7867 7794 7726 7664 7605 7545
1665.7134 7484 7422 7361 7304 7245 7182 7113 7043 6982 6932 6890 6849 6806
1671.9808 6763 6725 6693 6670 6653 6642 6641 6656 6686 6727 6773 6829 6895
1678.2484 6975 7070 7180 7304 7432 7556 7667 7763 7847 7924 8005 8109 8253
1684.5159 8415 8542 8625 8682 8734 8790 8851 8913 8973 9026 9071 9108 9141
1690.7834 9170 9193 9209 9220 9225 9230 9234 9237 9231 9208 9166 9118 9078
1697.0509 9048 9026 9012 9004 8993 8959 8885 8791 8713 8653 8603 8556 8507
1703.3185 8451 8386 8314 8238 8162 8083 7999 7911 7822 7732 7640 7543 7436
1709.5859 7319 7195 7069 6945 6825 6711 6598 6485 6364 6231 6091 5957 5841
1715.8535 5749 5674 5603 5528 5453 5396 5367 5364 5378 5406 5447 5502 5571
1722.1210 5656 5762 5888 6032 6189 6351 6513 6677 6843 7009 7167 7311 7439
1728.3885 7552 7657 7759 7861 7956 8038 8104 8158 8202 8240 8275 8311 8350
1734.6560 8385 8408 8422 8435 8453 8477 8507 8542 8581 8625 8674 8722 8765
1740.9236 8798 8825 8850 8878 8912 8950 8989 9024 9053 9078 9102 9125 9148
1747.1910 9172 9196 9218 9238 9255 9272 9293 9321 9356 9392 9424 9448 9465
1753.4586 9480 9494 9509 9523 9538 9552 9566 9582 9598 9616 9632 9649 9666
1759.7261 9683 9700 9716 9731 9744 9754 9761 9765 9770 9776 9783 9792 9800
1765.9937 9808 9815 9824 9834 9846 9854 9858 9857 9857 9861 9869 9881 9897
1772.2611 9912 9924 9930 9933 9937 9943 9952 9961 9968 9971 9972 9971 9968
1778.5287 9965 9962 9961 9964 9973 9986 9999 10011 10017 10019 10018 10016
1784.3141 10015 10017 10020 10023 10025 10025 10024 10023 10021 10020 10016
1789.6173 10012 10005 9998 9993 9991 9995 10002 10010 10012 10010 10005 10002
1795.4027 10003 10007 10014 10021 10026 10026 10024 10020 10016 10014 10014
1800.7061 10016 10019 10022 10027 10033 10039 10044 10047 10048 10047 10044
1806.0093 10038 10032 10026 10020 10016 10014 10014 10014 10014 10014 10014
1811.3126 10015 10017 10020 10025 10031 10037 10041 10042 10040 10035 10029
1816.6158 10023 10019 10017 10016 10017 10020 10024 10031 10037 10043 10044
1821.9192 10041 10035 10028 10022 10020 10023 10032 10043 10052 10054 10049
1827.2224 10039 10029 10022 10022 10028 10038 10046 10047 10041 10032 10025
1832.5258 10020 10021 10026 10034 10042 10048 10051 10051 10049 10049 10049
1837.8290 10050 10049 10044 10036 10027 10019 10015 10018 10026 10037 10047
1843.1323 10053 10055 10055 10056 10057 10056 10053 10048 10041 10034 10030
1848.4355 10030 10034 10040 10048 10056 10061 10063 10062 10058 10053 10049
1853.7389 10045 10042 10039 10036 10031 10025 10015 10005 9997 9994 9998 10007
1859.5243 10019 10028 10031 10029 10026 10023 10022 10025 10030 10035 10037
1864.8275 10034 10026 10014 9999 9988 9982 9984 9992 10002 10008 10011 10011
1870.6129 10012 10014 10018 10021 10022 10018 10010 10000 9989 9980 9974 9971
1876.3983 9970 9971 9973 9976 9980 9984 9986 9984 9977 9964 9949 9936 9928
1882.6659 9926 9928 9932 9935 9939 9945 9953 9962 9969 9973 9973 9973 9974
1888.9333 9977 9980 9980 9974 9965 9956 9952 9953 9960 9968 9976 9982 9990
1895.2009 9999 10009 10016 10018 10012 10002 9993 9990 9992 9998 10002 10003
1900.9863 10000 9995 9989 9983 9974 9963 9951 9945 9947 9959 9977 9995 10008
1907.2538 10015 10017 10016 10014 10010 10002 9990 9976 9961 9948 9939 9934
1913.0392 9933 9934 9940 9951 9967 9984 10000 10009 10011 10004 9993 9983 9977
1919.3068 9973 9968 9962 9954 9946 9938 9934 9934 9939 9947 9958 9967 9971
1925.5742 9969 9961 9951 9943 9942 9947 9956 9963 9963 9957 9950 9947 9953
1931.8418 9968 9989 10007 10018 10018 10011 9999 9988 9980 9975 9975 9979 9990
1938.1093 10005 10019 10027 10026 10014 9997 9979 9966 9960 9958 9957 9955
1943.8947 9952 9952 9959 9974 9995 10015 10027 10026 10012 9988 9962 9941 9930
1950.1622 9931 9941 9958 9973 9984 9988 9988 9985 9982 9982 9985 9989 9994
1956.4297 9997 10000 10000 9996 9991 9988 9990 9999 10012 10020 10017 10000
1962.2151 9974 9948 9932 9928 9935 9942 9942 9932 9916 9903 9900 9913 9937
1968.4827 9964 9984 9991 9987 9976 9967 9964 9968 9973 9976 9972 9962 9952
1974.7501 9948 9953 9967 9987 10004 10012 10006 9987 9961 9936 9919 9914 9920
1981.0177 9932 9946 9957 9964 9969 9973 9980 9987 9992 9993 9988 9980 9974
1987.2852 9974 9980 9989 9996 9997 9990 9977 9960 9944 9933 9933 9943 9963
1993.5527 9987 10008 10018 10017 10005 9990 9979 9979 9988 10002 10012 10011
1999.3381 9997 9972 9943 9917 9902 9900 9911 9931 9957 9982 10004 10017 10021
2005.6056 10016 10003 9986 9968 9954 9945 9944 9948 9956 9964 9969 9970 9965
2011.8732 9955 9943 9934 9933 9944 9966 9991 10010 10017 10010 9996 9982 9973
2018.1406 9967 9958 9942 9919 9898 9887 9890 9905 9924 9940 9946 9945 9940
2024.4082 9937 9943 9956 9974 9990 9998 9995 9982 9966 9957 9962 9981 10004
2030.6757 10022 10027 10016 9995 9971 9953 9942 9940 9944 9950 9956 9960 9963
2036.9432 9966 9972 9982 9999 10021 10046 10067 10079 10077 10061 10036 10008
2042.7286 9986 9975 9975 9981 9986 9986 9977 9963 9952 9947 9950 9958 9968
2048.9961 9976 9982 9987 9992 9997 9999 9997 9990 9982 9978 9978 9982 9985
2055.2637 9984 9978 9968 9957 9950 9945 9942 9938 9934 9933 9940 9955 9975
2061.5313 9995 10008 10011 10002 9986 9967 9949 9938 9934 9936 9940 9946 9952
2067.7986 9962 9977 9996 10016 10030 10035 10030 10019 10004 9989 9975 9964
2073.5840 9955 9953 9956 9963 9970 9974 9973 9969 9966 9966 9971 9978 9988
2079.8516 9998 10006 10013 10013 10006 9990 9968 9947 9930 9921 9921 9928 9935
2086.1191 9940 9939 9934 9927 9921 9919 9921 9925 9929 9935 9942 9954 9967
2092.3867 9978 9984 9980 9968 9953 9938 9927 9922 9920 9923 9929 9939 9952
2098.6541 9964 9974 9980 9982 9980 9974 9966 9958 9953 9955 9961 9969 9974
2104.9216 9974 9970 9962 9953 9942 9930 9917 9907 9902 9903 9908 9912 9912
2111.1892 9909 9907 9911 9923 9938 9950 9956 9956 9953 9951 9955 9961 9967
2117.4568 9967 9962 9952 9941 9935 9935 9938 9942 9941 9935 9927 9920 9920
2123.7241 9929 9945 9963 9977 9984 9985 9985 9987 9995 10006 10014 10014 10002
2129.9917 9981 9960 9945 9940 9944 9949 9952 9948 9939 9931 9927 9930 9941
2136.2593 9955 9970 9980 9981 9974 9960 9944 9932 9929 9936 9951 9970 9988
2142.5269 9999 10003 10002 9998 9995 9994 9993 9991 9985 9977 9967 9954 9941
2148.7942 9929 9920 9917 9920 9931 9945 9961 9974 9986 9996 10005 10011 10012
2155.0618 10006 9991 9974 9960 9954 9954 9958 9958 9952 9939 9926 9917 9917
2161.3293 9925 9940 9954 9966 9971 9972 9967 9959 9949 9941 9937 9939 9946
2167.5969 9957 9966 9970 9969 9965 9963 9967 9975 9985 9990 9986 9976 9963
2173.8643 9953 9949 9951 9954 9955 9953 9948 9943 9941 9945 9953 9964 9972
2180.1318 9974 9968 9956 9941 9927 9916 9907 9900 9893 9889 9893 9906 9929
2186.3994 9958 9987 10008 10019 10018 10005 9982 9956 9930 9912 9903 9904 9912
2192.6670 9923 9935 9948 9961 9974 9985 9988 9982 9968 9949 9934 9930 9937
2198.9343 9950 9961 9964 9958 9949 9946 9956 9977 10002 10019 10021 10008 9987
2205.2019 9969 9960 9962 9970 9978 9982 9981 9978 9977 9979 9984 9987 9986
2211.4695 9980 9970 9959 9952 9950 9954 9960 9967 9973 9977 9977 9974 9967
2217.7371 9960 9955 9955 9961 9970 9979 9982 9977 9967 9954 9945 9943 9949
2224.0044 9960 9973 9982 9986 9984 9976 9966 9959 9959 9966 9979 9992 10001
2230.2720 10002 9995 9982 9968 9954 9943 9935 9931 9932 9941 9956 9975 9990
2236.5396 9995 9989 9975 9960 9949 9946 9950 9957 9965 9972 9977 9978 9973
2242.8071 9965 9955 9951 9956 9971 9993 10014 10028 10030 10021 10004 9986
2248.5925 9970 9959 9955 9955 9959 9963 9965 9962 9955 9946 9939 9938 9943
2254.8599 9955 9969 9979 9983 9982 9978 9976 9978 9982 9986 9987 9985 9983
2261.1274 9983 9986 9990 9994 9995 9995 9993 9992 9990 9986 9981 9975 9973
2267.3950 9977 9986 9998 10008 10013 10013 10012 10013 10015 10016 10013 10007
2273.1804 10000 9995 9995 9997 9999 9998 9995 9993 9994 9999 10006 10011 10014
2279.4480 10014 10013 10013 10012 10011 10010 10008 10006 10005 10003 10000
2284.7512 9995 9989 9983 9977 9973 9970 9969 9972 9977 9983 9990 9994 9995
2291.0188 9995 9995 9996 9999 10004 10008 10012 10015 10018 10020 10021 10019
2296.8042 10015 10009 10003 9997 9992 9989 9987 9987 9988 9989 9990 9987 9983
2303.0715 9979 9977 9978 9980 9980 9973 9962 9948 9939 9939 9950 9969 9991
2309.3391 10009 10019 10022 10019 10011 10002 9991 9980 9966 9952 9938 9929
2315.1245 9926 9931 9942 9957 9970 9980 9986 9986 9983 9977 9968 9961 9958
2321.3921 9963 9975 9991 10005 10011 10009 10005 10002 10002 10004 10003 9992
2327.1775 9971 9944 9917 9898 9892 9899 9917 9943 9970 9995 10013 10021 10017
2333.4451 10002 9979 9954 9930 9914 9908 9913 9925 9939 9949 9953 9952 9949
2339.7124 9950 9958 9970 9981 9985 9980 9969 9955 9944 9937 9933 9930 9929
2345.9800 9928 9931 9934 9936 9936 9933 9930 9930 9934 9944 9961 9981 10000
2352.2476 10014 10018 10010 9988 9956 9922 9897 9891 9906 9934 9965 9984 9984
2358.5151 9968 9944 9924 9915 9918 9928 9938 9943 9941 9935 9929 9929 9937
2364.7825 9950 9967 9985 10001 10014 10021 10019 10006 9983 9952 9922 9902
2370.5679 9899 9913 9941 9975 10006 10026 10033 10026 10011 9992 9976 9965
2376.3533 9963 9968 9975 9980 9980 9975 9966 9956 9949 9947 9949 9954 9963
2382.6208 9972 9982 9991 9998 10002 10002 10001 9999 9999 10002 10008 10016
2388.4063 10023 10027 10026 10020 10011 10001 9994 9994 10001 10011 10021
2393.7095 10027 10027 10024 10020 10019 10020 10019 10014 10007 10002 10003
2399.0129 10011 10023 10033 10035 10027 10013 9997 9986 9981 9983 9990 10000
2404.7983 10010 10017 10020 10019 10014 10008 10004 10004 10007 10012 10017
2410.1016 10019 10018 10015 10013 10014 10018 10026 10035 10042 10044 10040
2415.4048 10031 10019 10009 10003 10005 10013 10024 10035 10043 10045 10041
2420.7080 10033 10022 10011 10002 9997 9995 9998 10004 10012 10021 10027 10030
2426.4934 10031 10032 10033 10037 10041 10044 10043 10035 10023 10008 9996
2431.7969 9990 9990 9995 10004 10012 10018 10022 10025 10027 10029 10031 10033
2437.5823 10032 10027 10019 10007 9996 9987 9984 9987 9994 10001 10006 10007
2443.3677 10004 10000 9998 10001 10006 10012 10017 10019 10021 10023 10028
2448.6709 10034 10039 10042 10043 10044 10045 10045 10044 10040 10033 10025
2453.9741 10017 10012 10009 10009 10010 10011 10010 10008 10003 9999 9997 9999
2459.7595 10004 10011 10018 10023 10025 10024 10019 10013 10008 10004 10006
2465.0627 10014 10025 10036 10041 10040 10032 10021 10011 10004 9998 9994 9988
2470.8481 9984 9983 9988 9998 10010 10021 10027 10030 10031 10033 10036 10038
2476.6335 10037 10034 10030 10026 10026 10029 10034 10039 10042 10043 10044
2481.9370 10045 10044 10042 10037 10030 10023 10017 10014 10014 10018 10023
2487.2402 10029 10034 10034 10029 10020 10009 10002 10001 10005 10012 10017
2492.5435 10016 10012 10009 10009 10013 10020 10026 10028 10026 10023 10020
2497.8467 10015 10010 10005 10001 10002 10010 10024 10040 10052 10056 10050
2503.1501 10038 10025 10015 10011 10011 10013 10012 10007 9999 9989 9983 9982
2508.9355 9989 10000 10012 10021 10022 10017 10009 10001 9997 9997 9999 10001
2514.7209 10002 10002 10002 10004 10008 10015 10025 10036 10047 10055 10055
2520.0242 10048 10035 10021 10010 10004 10004 10006 10008 10008 10009 10013
2525.3274 10020 10029 10038 10043 10044 10045 10047 10049 10050 10046 10036
2530.6306 10023 10011 10004 10005 10012 10023 10033 10040 10041 10037 10028
2535.9341 10018 10009 10004 10006 10013 10024 10035 10045 10050 10051 10048
2541.2373 10044 10039 10035 10032 10030 10029 10027 10026 10028 10031 10035
2546.5405 10036 10032 10021 10006 9992 9981 9978 9983 9994 10009 10025 10039
2552.3259 10047 10049 10047 10044 10042 10044 10047 10051 10053 10051 10044
2557.6292 10036 10026 10018 10011 10006 10002 9998 9995 9992 9992 9994 9999
2563.4146 10005 10011 10017 10023 10029 10036 10041 10043 10041 10034 10025
2568.7180 10017 10014 10016 10022 10029 10035 10038 10036 10030 10022 10014
2574.0212 10006 10001 9997 9995 9994 9995 9998 10005 10015 10026 10037 10045
2579.8066 10050 10051 10047 10040 10033 10029 10028 10029 10029 10028 10026
2585.1099 10025 10027 10033 10039 10041 10038 10032 10026 10024 10026 10029
2590.4131 10029 10025 10019 10015 10015 10019 10025 10032 10039 10045 10049
2595.7166 10051 10052 10050 10048 10047 10047 10046 10044 10040 10034 10027
2601.0198 10022 10019 10018 10019 10021 10023 10025 10027 10027 10027 10028
2606.3230 10029 10030 10031 10031 10030 10028 10026 10025 10026 10028 10032
2611.6262 10037 10040 10042 10043 10042 10041 10042 10044 10046 10046 10044
2616.9297 10040 10036 10034 10035 10038 10042 10045 10045 10044 10044 10046
2622.2329 10050 10055 10058 10057 10052 10045 10039 10036 10036 10039 10042
2627.5361 10045 10046 10046 10045 10044 10043 10044 10047 10051 10055 10056
2632.8396 10053 10047 10038 10031 10027 10026 10027 10029 10031 10032 10031
2638.1428 10029 10026 10023 10021 10022 10025 10028 10031 10034 10035 10037
2643.4460 10039 10042 10044 10045 10046 10049 10053 10061 10068 10073 10072
2648.7493 10066 10057 10046 10039 10035 10035 10038 10044 10052 10060 10067
2654.0527 10071 10072 10069 10065 10062 10061 10062 10063 10064 10063 10060
2659.3560 10058 10059 10062 10067 10071 10072 10069 10063 10058 10055 10056
2664.6592 10058 10060 10059 10055 10049 10043 10039 10037 10037 10039 10042
2669.9624 10045 10049 10051 10052 10052 10050 10049 10048 10047 10046 10044
2675.2659 10041 10040 10040 10043 10047 10051 10053 10053 10052 10051 10050
2680.5691 10051 10052 10053 10052 10051 10048 10046 10044 10043 10044 10045
2685.8723 10047 10050 10052 10055 10057 10059 10060 10060 10058 10055 10052
2691.1755 10050 10050 10052 10054 10056 10058 10059 10062 10066 10072 10077
2696.4790 10079 10076 10068 10057 10049 10045 10046 10051 10056 10058 10056
2701.7822 10051 10044 10040 10037 10038 10040 10044 10047 10050 10050 10047
2707.0854 10040 10033 10029 10030 10037 10049 10059 10064 10062 10056 10051
2712.3887 10049 10052 10057 10060 10059 10055 10050 10047 10049 10052 10054
2717.6921 10052 10047 10041 10037 10038 10041 10043 10044 10042 10041 10042
2722.9954 10048 10056 10064 10068 10068 10066 10061 10056 10051 10048 10047
2728.2986 10048 10052 10058 10062 10063 10062 10059 10057 10056 10057 10060
2733.6018 10064 10066 10066 10063 10058 10052 10047 10045 10047 10051 10057
2738.9053 10062 10066 10070 10074 10077 10078 10076 10070 10062 10055 10053
2744.2085 10058 10067 10076 10078 10071 10059 10047 10039 10038 10042 10047
2749.5117 10049 10048 10047 10047 10052 10059 10065 10068 10067 10061 10053
2754.8149 10047 10044 10043 10045 10047 10048 10050 10051 10054 10056 10057
2760.1184 10055 10050 10044 10038 10035 10035 10035 10034 10030 10024 10018
2765.4216 10015 10017 10021 10027 10032 10037 10042 10047 10053 10058 10062
2770.7249 10064 10063 10060 10054 10047 10042 10040 10042 10048 10054 10057
2776.0281 10056 10050 10042 10037 10037 10041 10046 10049 10047 10041 10035
2781.3315 10032 10033 10037 10045 10052 10058 10060 10058 10053 10046 10041
2786.6348 10040 10043 10050 10055 10056 10049 10038 10026 10019 10020 10027
2791.9380 10037 10044 10045 10039 10031 10024 10021 10022 10027 10034 10041
2797.2412 10045 10045 10043 10038 10033 10031 10033 10039 10046 10051 10052
2802.5447 10049 10042 10033 10024 10018 10016 10018 10024 10032 10040 10046
2807.8479 10049 10048 10044 10038 10032 10028 10025 10026 10027 10029 10030
2813.1511 10031 10030 10030 10030 10032 10037 10043 10049 10052 10049 10040
2818.4543 10028 10017 10010 10008 10012 10019 10026 10031 10033 10032 10032
2823.7578 10034 10037 10039 10037 10029 10017 10006 10000 10003 10014 10029
2829.0610 10041 10047 10046 10041 10035 10030 10027 10024 10020 10014 10006
2834.3643 9998 9991 9985 9979 9974 9970 9967 9965 9962 9959 9954 9948 9943
2840.6318 9942 9945 9952 9960 9968 9973 9975 9976 9975 9975 9974 9975 9975
2846.8994 9976 9975 9972 9968 9963 9961 9963 9968 9975 9982 9984 9982 9977
2853.1667 9971 9965 9962 9962 9964 9969 9976 9985 9994 10001 10006 10007 10003
2859.4343 9998 9993 9990 9993 9999 10008 10018 10025 10026 10021 10010 9996
2865.2197 9982 9970 9962 9959 9960 9965 9974 9988 10004 10018 10028 10030
2871.0051 10024 10011 9998 9987 9982 9981 9985 9990 9996 10002 10006 10006
2876.7905 10000 9989 9973 9958 9946 9942 9946 9957 9971 9982 9988 9988 9983
2883.0581 9979 9979 9983 9990 9994 9992 9980 9961 9941 9923 9911 9907 9908
2889.3257 9914 9924 9937 9950 9962 9969 9969 9963 9953 9943 9936 9932 9932
2895.5930 9935 9940 9944 9945 9943 9936 9927 9921 9921 9926 9933 9939 9939
2901.8606 9933 9922 9910 9901 9894 9889 9887 9887 9890 9896 9905 9916 9927
2908.1282 9936 9943 9945 9944 9939 9932 9926 9921 9917 9911 9903 9894 9887
2914.3958 9883 9882 9881 9879 9872 9864 9857 9855 9858 9864 9870 9871 9867
2920.6631 9859 9848 9838 9829 9824 9824 9827 9832 9836 9836 9833 9829 9825
2926.9307 9825 9828 9833 9840 9845 9849 9850 9848 9845 9842 9841 9843 9849
2933.1982 9855 9860 9861 9859 9858 9858 9863 9872 9882 9890 9893 9890 9881
2939.4658 9869 9856 9844 9835 9830 9828 9829 9829 9828 9824 9818 9810 9803
2945.7332 9797 9792 9788 9781 9772 9761 9748 9735 9724 9714 9706 9698 9689
2952.0007 9677 9661 9641 9620 9600 9581 9563 9543 9520 9497 9480 9475 9484
2958.2683 9509 9541 9576 9609 9639 9667 9694 9722 9747 9768 9784 9797 9809
2964.5359 9822 9833 9842 9847 9849 9848 9846 9843 9840 9836 9832 9829 9829
2970.8032 9831 9834 9838 9843 9850 9860 9873 9886 9897 9903 9906 9907 9908
2977.0708 9910 9913 9916 9917 9919 9922 9925 9925 9920 9908 9892 9876 9867
2983.3384 9868 9877 9891 9905 9915 9920 9921 9920 9919 9916 9910 9900 9886
2989.6060 9872 9862 9859 9866 9878 9891 9897 9894 9883 9866 9852 9845 9846
2995.8733 9854 9863 9869 9870 9865 9858 9851 9846 9840 9833 9823 9811 9798
3002.1409 9785 9773 9760 9746 9728 9705 9676 9642 9603 9563 9526 9497 9480
3008.4084 9475 9480 9495 9517 9548 9585 9625 9664 9696 9718 9734 9746 9759
3014.6760 9774 9787 9796 9799 9800 9802 9809 9824 9841 9855 9865 9868 9868
3020.9434 9868 9870 9874 9877 9877 9873 9868 9862 9859 9861 9868 9879 9892
3027.2109 9902 9907 9907 9902 9897 9894 9895 9899 9904 9908 9909 9908 9904
3033.4785 9900 9898 9898 9901 9906 9911 9915 9917 9915 9912 9910 9910 9913
3039.7461 9918 9921 9920 9916 9909 9903 9902 9905 9913 9923 9934 9944 9952
3046.0134 9956 9957 9952 9945 9937 9932 9929 9926 9921 9911 9897 9884 9874
3052.2810 9870 9872 9876 9878 9875 9868 9856 9840 9822 9798 9770 9738 9703
3058.5486 9669 9637 9610 9588 9573 9566 9569 9582 9606 9637 9672 9707 9738
3064.8162 9764 9785 9804 9823 9842 9862 9881 9896 9909 9920 9929 9936 9942
3071.0835 9945 9947 9950 9955 9962 9968 9972 9971 9967 9962 9961 9964 9970
3077.3511 9973 9972 9966 9959 9954 9955 9961 9969 9975 9976 9971 9962 9951
3083.6187 9944 9941 9946 9956 9972 9987 9998 10002 10000 9993 9985 9977 9971
3089.8862 9967 9963 9960 9958 9959 9962 9964 9964 9961 9955 9950 9948 9951
3096.1536 9958 9968 9978 9985 9988 9984 9974 9960 9948 9941 9943 9954 9970
3102.4211 9987 9999 10004 10003 9997 9989 9982 9977 9973 9971 9969 9967 9966
3108.6887 9965 9964 9961 9956 9952 9948 9948 9954 9966 9982 9999 10013 10021
3114.9563 10022 10018 10012 10006 10000 9992 9982 9969 9956 9945 9940 9940
3120.7417 9945 9954 9966 9980 9994 10006 10015 10018 10018 10016 10015 10016
3126.5271 10019 10023 10025 10023 10017 10005 9991 9978 9969 9965 9967 9971
3132.3125 9974 9976 9976 9978 9980 9985 9990 9995 10000 10004 10008 10011
3138.0979 10013 10013 10013 10014 10016 10017 10016 10013 10009 10005 10003
3143.4011 10000 9995 9986 9974 9963 9956 9956 9962 9971 9983 9995 10007 10018
3149.6687 10027 10030 10027 10018 10005 9994 9987 9983 9983 9986 9990 9996
3155.4541 10001 10004 10004 9999 9993 9985 9979 9977 9980 9985 9992 9999 10006
3161.7214 10011 10015 10018 10020 10020 10020 10020 10021 10023 10025 10024
3167.0249 10019 10012 10005 9999 9997 9997 10005 10007 10009 10011 10014 10016
3172.8103 10017 10014 10009 10002 10000 10003 10013 10025 10033 10035 10031
3178.1135 10021 10010 9999 9988 9978 9969 9967 9972 9986 10003 10017 10023
3183.8989 10019 10005 9989 9976 9971 9977 9990 10006 10021 10031 10036 10036
3189.6843 10034 10031 10026 10018 10008 9996 9987 9983 9985 9994 10006 10019
3195.4697 10028 10029 10023 10012 10000 9992 9990 9994 9997 9997 9991 9985
3201.2551 9983 9986 9995 10003 10007 10007 10005 10007 10017 10033 10051 10064
3207.0405 10067 10057 10038 10012 9988 9970 9964 9969 9982 9995 10001 9996
3212.8259 9984 9968 9955 9950 9952 9960 9972 9987 10002 10016 10028 10034
3218.6113 10036 10034 10029 10022 10012 10001 9988 9976 9966 9962 9963 9969
3224.3967 9978 9989 9998 10002 10000 9992 9981 9971 9966 9970 9983 10003 10026
3230.6643 10047 10059 10059 10049 10032 10014 10000 9993 9992 9996 10004 10015
3236.4497 10027 10037 10041 10036 10022 10004 9989 9979 9976 9978 9984 9992
3242.2351 10003 10017 10030 10039 10041 10035 10026 10016 10011 10008 10008
3247.5383 10009 10010 10014 10019 10026 10031 10033 10030 10024 10018 10014
3252.8416 10013 10013 10012 10010 10009 10009 10011 10014 10016 10014 10009
3258.1448 10001 9993 9988 9989 9995 10005 10017 10026 10032 10034 10033 10028
3263.9302 10020 10009 9997 9987 9983 9986 9995 10004 10010 10011 10008 10004
3269.7156 10001 9999 9998 9996 9991 9986 9983 9985 9992 10001 10007 10007 9999
3275.9832 9984 9969 9958 9956 9965 9983 10002 10018 10025 10025 10021 10016
3281.7686 10012 10009 10004 9997 9988 9982 9984 9996 10018 10042 10060 10067
3287.5540 10058 10038 10014 9994 9985 9986 9994 10003 10006 10001 9992 9981
3293.3394 9974 9974 9980 9989 9999 10006 10010 10010 10008 10005 10001 9996
3299.1248 9992 9990 9989 9989 9991 9992 9994 9996 9998 10000 9999 9995 9990
3305.3923 9985 9984 9988 9995 10003 10007 10006 10003 9999 9999 10000 10003
3311.1777 10003 9999 9993 9987 9984 9983 9985 9986 9983 9975 9965 9956 9949
3317.4453 9947 9950 9955 9962 9970 9976 9979 9976 9967 9956 9947 9945 9952
3323.7126 9966 9982 9993 9997 9994 9988 9980 9973 9965 9958 9952 9951 9956
3329.9802 9967 9979 9985 9982 9970 9956 9946 9947 9959 9977 9992 9998 9995
3336.2478 9987 9981 9980 9986 9995 10004 10011 10017 10024 10030 10033 10028
3342.0332 10013 9992 9970 9953 9946 9947 9952 9955 9954 9950 9947 9951 9960
3348.3008 9973 9983 9985 9980 9970 9960 9954 9953 9955 9954 9949 9938 9925
3354.5681 9916 9914 9923 9942 9966 9988 10003 10007 10000 9986 9972 9965 9967
3360.8357 9980 9996 10011 10022 10027 10028 10028 10024 10015 10002 9988 9980
3366.6211 9984 9998 10017 10032 10038 10033 10021 10008 9998 9991 9987 9983
3372.4065 9980 9978 9979 9985 9995 10007 10017 10020 10014 10001 9983 9968
3378.1919 9959 9958 9963 9973 9983 9991 9996 9996 9992 9985 9978 9976 9980
3384.4595 9989 10000 10007 10007 10000 9987 9976 9972 9979 9997 10017 10035
3390.2449 10043 10042 10036 10029 10027 10029 10032 10035 10035 10031 10025
3395.5481 10018 10009 9999 9992 9990 9995 10008 10024 10039 10048 10047 10037
3401.3335 10022 10007 9995 9990 9989 9991 9992 9991 9989 9988 9989 9994 9999
3407.6011 10001 9999 9991 9981 9972 9969 9969 9972 9975 9977 9980 9989 10003
3413.8687 10019 10029 10029 10016 9993 9967 9947 9940 9946 9964 9985 10002
3419.6541 10006 9997 9978 9957 9942 9939 9946 9959 9969 9970 9956 9931 9900
3425.9214 9870 9850 9845 9854 9875 9902 9931 9959 9984 10004 10019 10024 10019
3432.1890 10007 9991 9976 9964 9956 9952 9950 9951 9955 9961 9967 9970 9967
3438.4565 9958 9944 9930 9922 9922 9929 9940 9953 9965 9972 9975 9975 9972
3444.7241 9971 9975 9985 10000 10018 10031 10034 10025 10004 9976 9951 9933
3450.5095 9927 9930 9939 9948 9954 9959 9966 9976 9987 9995 9995 9987 9977
3456.7769 9971 9976 9992 10014 10032 10039 10032 10014 9991 9969 9955 9952
3462.5623 9958 9973 9990 10006 10014 10014 10006 9995 9990 9994 10010 10034
3468.3477 10056 10069 10065 10045 10017 9992 9977 9975 9982 9990 9995 9994
3474.1331 9989 9986 9990 10001 10019 10041 10062 10078 10086 10081 10063 10035
3479.9185 10004 9977 9961 9956 9961 9969 9978 9984 9988 9989 9987 9982 9974
3486.1860 9967 9969 9983 10010 10043 10071 10083 10079 10062 10043 10030 10027
3491.9714 10027 10025 10015 9998 9982 9972 9973 9987 10008 10029 10043 10048
3497.7568 10042 10029 10012 9992 9970 9947 9924 9908 9906 9925 9964 10014
3503.5422 10060 10088 10092 10077 10052 10030 10013 10003 9994 9983 9972 9961
3509.3276 9955 9955 9959 9964 9969 9975 9980 9985 9989 9990 9989 9988 9988
3515.5952 9991 9995 9998 9998 9995 9988 9981 9971 9957 9938 9918 9901 9895
3521.8628 9903 9926 9957 9989 10014 10029 10036 10038 10036 10033 10029 10027
3527.6482 10030 10038 10048 10054 10051 10033 10004 9970 9943 9928 9928 9938
3533.4336 9951 9960 9964 9968 9979 10002 10035 10071 10099 10112 10108 10090
3539.2190 10066 10043 10028 10020 10017 10014 10007 9995 9981 9967 9957 9950
3545.0044 9946 9942 9941 9944 9952 9964 9978 9991 10001 10009 10015 10020
3550.7898 10022 10019 10012 10003 9999 10003 10013 10025 10031 10029 10018
3556.0930 10004 9992 9985 9986 9992 10000 10008 10013 10011 10000 9981 9961
3561.8784 9944 9937 9940 9949 9955 9954 9942 9926 9913 9913 9931 9961 9991
3568.1460 10011 10015 10008 9994 9981 9972 9970 9974 9981 9989 9996 9999 9998
3574.4133 9993 9987 9982 9978 9977 9976 9976 9975 9976 9981 9990 10003 10016
3580.6809 10025 10027 10021 10011 10002 9999 10005 10019 10038 10056 10065
3585.9841 10058 10031 9988 9941 9904 9886 9891 9914 9945 9978 10005 10023
3591.7695 10028 10022 10011 10003 10003 10014 10029 10039 10036 10017 9988
3597.0730 9956 9930 9914 9911 9919 9934 9952 9965 9969 9963 9951 9941 9938
3603.3403 9942 9952 9961 9963 9956 9942 9930 9926 9940 9970 10012 10050 10069
3609.6079 10062 10033 9993 9952 9920 9903 9903 9917 9937 9952 9955 9944 9923
3615.8755 9900 9884 9884 9903 9937 9973 9998 10002 9989 9967 9948 9940 9943
3622.1431 9954 9970 9985 9993 9993 9984 9969 9952 9934 9919 9909 9905 9911
3628.4106 9928 9952 9969 9973 9970 9971 9981 9998 10014 10021 10014 9999 9987
3634.6780 9988 9998 10010 10012 9997 9968 9937 9921 9928 9955 9989 10015 10021
3640.9456 10004 9972 9934 9900 9877 9866 9866 9876 9896 9924 9953 9975 9983
3647.2131 9980 9972 9973 9986 10009 10032 10043 10037 10020 10002 9990 9987
3652.9985 9989 9992 9989 9976 9950 9919 9895 9890 9900 9918 9937 9955 9975
3659.2661 9997 10017 10031 10032 10020 10001 9984 9977 9982 9995 10011 10025
3665.0515 10036 10043 10044 10034 10011 9977 9941 9915 9910 9928 9959 9986
3670.8369 9999 9999 9994 9993 9996 10001 10000 9987 9964 9945 9938 9937 9933
3677.1042 9931 9936 9954 9986 10027 10068 10097 10109 10104 10086 10060 10030
3682.8896 9997 9965 9936 9916 9908 9915 9933 9958 9983 10002 10012 10018 10023
3689.1572 10026 10025 10014 9994 9971 9951 9940 9938 9939 9942 9943 9944 9946
3695.4248 9949 9952 9957 9963 9971 9983 9997 10011 10020 10022 10019 10013
3701.2102 10010 10010 10011 10006 9996 9984 9972 9965 9963 9963 9963 9963 9963
3707.4778 9965 9968 9972 9972 9968 9963 9963 9973 9996 10023 10043 10044 10030
3713.7451 10013 10004 10007 10023 10043 10055 10054 10035 10004 9969 9940 9923
3719.5305 9921 9931 9951 9979 10009 10034 10043 10034 10012 9987 9969 9963
3725.3159 9968 9977 9983 9981 9973 9967 9967 9975 9991 10013 10038 10061 10075
3731.5835 10068 10035 9983 9926 9877 9847 9844 9866 9900 9926 9934 9931 9931
3737.8511 9941 9963 9988 10003 10002 9981 9948 9917 9900 9902 9925 9966 10017
3744.1187 10057 10061 10023 9970 9926 9903 9905 9928 9964 9996 10010 9999 9973
3750.3860 9944 9919 9903 9897 9899 9903 9907 9910 9916 9927 9944 9966 9988
3756.6536 10006 10015 10016 10008 9993 9974 9956 9943 9935 9931 9926 9920 9915
3762.9211 9915 9923 9941 9965 9992 10012 10020 10013 9997 9978 9963 9956 9959
3769.1887 9971 9986 9997 10003 10007 10017 10036 10061 10081 10087 10072 10040
3774.9741 10002 9969 9950 9944 9947 9953 9956 9955 9952 9950 9950 9952 9956
3781.2415 9960 9965 9970 9974 9977 9977 9976 9973 9973 9980 9995 10017 10041
3787.5090 10058 10059 10039 10000 9951 9906 9877 9873 9893 9932 9980 10022
3793.2944 10050 10058 10048 10027 10006 9993 9994 10005 10014 10015 10007 9994
3799.0798 9984 9980 9985 9999 10021 10044 10057 10053 10033 10002 9967 9934
3804.8652 9908 9894 9896 9914 9944 9977 10002 10018 10026 10028 10025 10016
3810.6506 10004 9991 9981 9976 9978 9986 9997 10005 10001 9978 9941 9908 9896
3816.9182 9908 9931 9956 9976 9988 9991 9988 9987 9993 10003 10008 10002 9988
3823.1858 9973 9963 9961 9965 9971 9976 9976 9974 9975 9981 9987 9990 9985
3829.4531 9970 9948 9928 9920 9929 9950 9968 9973 9960 9931 9897 9871 9868
3835.7207 9890 9931 9979 10016 10029 10016 9996 9987 9997 10019 10039 10042
3841.5061 10023 9991 9960 9943 9947 9969 9997 10019 10028 10021 10002 9975
3847.2915 9949 9934 9936 9952 9974 9990 9994 9988 9984 9993 10026 10077 10121
3853.5591 10130 10100 10052 10008 9975 9951 9933 9919 9910 9907 9910 9918 9926
3859.8267 9933 9941 9950 9965 9983 10000 10006 9997 9971 9934 9900 9883 9885
3866.0940 9895 9903 9903 9894 9878 9864 9868 9903 9960 10011 10034 10027 9997
3872.3616 9954 9912 9886 9888 9915 9953 9982 9997 9997 9989 9977 9965 9950
3878.6292 9930 9904 9875 9857 9861 9890 9934 9982 10022 10046 10052 10043
3884.4146 10027 10014 10010 10013 10013 10004 9989 9970 9953 9936 9921 9908
3890.2000 9901 9906 9924 9944 9956 9954 9942 9931 9928 9938 9957 9976 9991
3896.4675 10000 10006 10011 10016 10018 10016 10011 10010 10016 10026 10035
3901.7708 10031 10010 9973 9934 9907 9904 9926 9962 9999 10024 10034 10031
3907.5562 10017 9999 9980 9960 9941 9923 9908 9903 9911 9938 9981 10029 10068
3913.8237 10085 10077 10047 10008 9973 9950 9939 9932 9925 9919 9917 9926 9946
3920.0911 9969 9987 9996 9997 9993 9989 9988 9992 10000 10014 10032 10049
3925.8765 10059 10055 10038 10012 9984 9961 9950 9950 9958 9971 9988 10006
3931.6619 10024 10037 10040 10032 10018 10003 9993 9992 9997 10006 10013 10016
3937.4473 10012 10003 9989 9976 9970 9972 9981 9992 9995 9984 9960 9931 9911
3943.7148 9905 9915 9932 9950 9962 9966 9964 9956 9947 9939 9934 9934 9940
3949.9824 9952 9967 9980 9987 9986 9978 9967 9960 9959 9967 9978 9987 9988
3956.2500 9980 9967 9955 9952 9958 9966 9970 9963 9945 9921 9900 9891 9900
3962.5173 9922 9951 9976 9993 10000 10002 10007 10017 10032 10046 10055 10055
3968.3027 10049 10037 10020 9998 9974 9956 9952 9968 10000 10032 10052 10051
3974.0881 10036 10019 10009 10006 10003 9989 9964 9939 9926 9935 9964 10001
3979.8735 10032 10048 10051 10046 10041 10039 10038 10033 10022 10009 9998
3985.1770 9993 9996 10001 10004 10002 9995 9988 9982 9976 9967 9954 9941 9935
3991.4443 9940 9955 9973 9982 9975 9953 9926 9904 9895 9900 9914 9930 9946
3997.7119 9962 9978 9996 10010 10017 10012
##END= 
