##TITLE=Spectrum
##JCAMP-DX=5.00 $$ chemotion-converter-app (0.1.0)
##DATA TYPE=INFRARED SPECTRUM
##DATA CLASS=NTUPLES
##ORIGIN=
##OWNER=
##FIRSTX=450.386221
##LASTX=4000.432643
##MINX=450.386221
##MAXX=4000.432643
##MINY=55.135786
##MAXY=102.985539
##NPOINTS=3682
##FIRSTY=99.823286
##XUNITS=1/CM
##YUNITS=TRANSMITTANCE
##XYPOINTS=(XY..XY)
450.386221, 99.823286
451.350645, 101.354074
452.315070, 101.877623
453.279494, 101.406744
454.243919, 100.169303
455.208343, 99.370176
456.172768, 99.518234
457.137192, 96.953716
458.101617, 93.941100
459.066041, 96.466530
460.030466, 97.260394
460.994890, 98.101231
461.959314, 99.957472
462.923739, 100.067874
463.888163, 100.077406
464.852588, 100.425512
465.817012, 100.243614
466.781437, 100.139136
467.745861, 100.745802
468.710286, 100.751920
469.674710, 99.998756
470.639135, 100.379748
471.603559, 99.897252
472.567983, 97.693429
473.532408, 97.784345
474.496832, 96.993340
475.461257, 95.390278
476.425681, 94.665704
477.390106, 95.274368
478.354530, 96.437531
479.318955, 97.667884
480.283379, 97.493308
481.247804, 97.767013
482.212228, 100.036030
483.176652, 100.563167
484.141077, 100.033697
485.105501, 99.587262
486.069926, 99.447677
487.034350, 99.999251
487.998775, 99.494391
488.963199, 98.385689
489.927624, 98.308699
490.892048, 98.347117
491.856473, 98.562460
492.820897, 98.176480
493.785321, 98.975965
494.749746, 100.612747
495.714170, 100.966801
496.678595, 100.132117
497.643019, 99.253219
498.607444, 98.794847
499.571868, 99.026437
500.536293, 99.571988
501.500717, 99.525722
502.465142, 99.780381
503.429566, 99.777231
504.393990, 100.285211
505.358415, 100.178661
506.322839, 100.319956
507.287264, 100.185468
508.251688, 99.874343
509.216113, 100.265441
510.180537, 100.312712
511.144962, 99.857703
512.109386, 99.554835
513.073811, 99.397050
514.038235, 99.708830
515.002660, 99.952532
515.967084, 100.237548
516.931508, 99.544954
517.895933, 99.271479
518.860357, 99.824204
519.824782, 100.003545
520.789206, 100.135002
521.753631, 100.624418
522.718055, 100.780548
523.682480, 100.402287
524.646904, 100.420359
525.611329, 99.422540
526.575753, 98.656634
527.540177, 99.802685
528.504602, 100.291355
529.469026, 99.586403
530.433451, 99.045638
531.397875, 99.003518
532.362300, 99.515607
533.326724, 100.064265
534.291149, 98.959264
535.255573, 98.875829
536.219998, 99.575733
537.184422, 99.900451
538.148846, 100.305497
539.113271, 100.213534
540.077695, 100.027476
541.042120, 100.543263
542.006544, 100.758903
542.970969, 100.323587
543.935393, 99.784248
544.899818, 99.372340
545.864242, 99.111770
546.828667, 99.425943
547.793091, 98.988296
548.757515, 98.199315
549.721940, 98.650407
550.686364, 97.982811
551.650789, 96.237111
552.615213, 95.854972
553.579638, 96.481815
554.544062, 96.095024
555.508487, 97.234375
556.472911, 99.445270
557.437336, 99.917986
558.401760, 99.544438
559.366184, 99.673137
560.330609, 99.032895
561.295033, 99.663353
562.259458, 100.412622
563.223882, 100.211127
564.188307, 100.618154
565.152731, 100.691692
566.117156, 99.185362
567.081580, 99.165457
568.046005, 100.073959
569.010429, 100.297435
569.974853, 100.125923
570.939278, 99.620889
571.903702, 98.954042
572.868127, 99.633660
573.832551, 100.416162
574.796976, 99.556461
575.761400, 99.546676
576.725825, 100.159288
577.690249, 99.631954
578.654674, 100.048417
579.619098, 100.293064
580.583523, 99.178672
581.547947, 99.649241
582.512371, 100.499769
583.476796, 99.909996
584.441220, 100.282011
585.405645, 100.827080
586.370069, 100.317929
587.334494, 99.785434
588.298918, 99.923981
589.263343, 99.191018
590.227767, 99.682000
591.192192, 100.427863
592.156616, 100.105223
593.121040, 100.018676
594.085465, 99.963430
595.049889, 99.050071
596.014314, 99.671744
596.978738, 100.119559
597.943163, 99.157159
598.907587, 99.570421
599.872012, 100.256014
600.836436, 100.262112
601.800861, 100.353165
602.765285, 100.505654
603.729709, 100.004174
604.694134, 100.187768
605.658558, 100.361510
606.622983, 99.951614
607.587407, 100.192700
608.551832, 100.471326
609.516256, 100.085821
610.480681, 100.210601
611.445105, 100.450708
612.409530, 99.837152
613.373954, 99.797261
614.338378, 100.127398
615.302803, 99.818052
616.267227, 100.132924
617.231652, 100.631529
618.196076, 99.822349
619.160501, 100.301123
620.124925, 100.237712
621.089350, 99.208365
622.053774, 99.080755
623.018199, 98.798246
623.982623, 97.413894
624.947047, 97.325417
625.911472, 98.211424
626.875896, 98.507882
627.840321, 99.243513
628.804745, 99.709297
629.769170, 98.988306
630.733594, 99.377731
631.698019, 99.415885
632.662443, 97.952116
633.626868, 97.538012
634.591292, 97.598852
635.555717, 97.199360
636.520141, 98.415822
637.484565, 99.618253
638.448990, 99.142570
639.413414, 99.271092
640.377839, 100.392327
641.342263, 100.273572
642.306688, 100.298165
643.271112, 100.510178
644.235537, 100.031541
645.199961, 100.049303
646.164386, 100.370874
647.128810, 99.934396
648.093234, 99.840500
649.057659, 99.733803
650.022083, 99.706864
650.986508, 100.229393
651.950932, 99.812857
652.915357, 99.400581
653.879781, 99.315675
654.844206, 99.168324
655.808630, 98.776444
656.773055, 99.021467
657.737479, 98.679120
658.701903, 96.997813
659.666328, 96.696900
660.630752, 97.481686
661.595177, 97.242173
662.559601, 97.363797
663.524026, 98.150054
664.488450, 98.003488
665.452875, 97.979916
666.417299, 98.028280
667.381724, 97.918733
668.346148, 97.935063
669.310572, 97.732691
670.274997, 97.524452
671.239421, 97.787186
672.203846, 98.098927
673.168270, 97.832348
674.132695, 97.849191
675.097119, 97.993549
676.061544, 97.901525
677.025968, 97.862134
677.990393, 97.791423
678.954817, 97.548811
679.919241, 97.735392
680.883666, 97.597746
681.848090, 97.303628
682.812515, 97.562480
683.776939, 97.572876
684.741364, 96.863145
685.705788, 96.843177
686.670213, 97.304984
687.634637, 97.223184
688.599062, 97.182378
689.563486, 97.076986
690.527910, 96.970987
691.492335, 97.146439
692.456759, 96.994273
693.421184, 96.232447
694.385608, 96.135919
695.350033, 96.117037
696.314457, 95.446437
697.278882, 95.092323
698.243306, 94.345642
699.207731, 92.913386
700.172155, 92.656466
701.136580, 93.461548
702.101004, 94.184589
703.065428, 95.053166
704.029853, 95.699164
704.994277, 95.832288
705.958702, 96.596968
706.923126, 97.365656
707.887551, 97.668535
708.851975, 98.334922
709.816400, 98.889050
710.780824, 99.168435
711.745249, 99.633619
712.709673, 99.878349
713.674097, 99.949438
714.638522, 100.185030
715.602946, 100.150729
716.567371, 99.949588
717.531795, 100.255248
718.496220, 100.138559
719.460644, 99.573746
720.425069, 99.615412
721.389493, 99.675923
722.353918, 99.359738
723.318342, 99.212860
724.282766, 99.606238
725.247191, 99.396841
726.211615, 99.866847
727.176040, 99.516674
728.140464, 98.856182
729.104889, 98.779275
730.069313, 98.072885
731.033738, 96.461717
731.998162, 94.975012
732.962587, 93.526992
733.927011, 92.738968
734.891435, 93.817053
735.855860, 95.722592
736.820284, 97.285390
737.784709, 98.360023
738.749133, 98.572230
739.713558, 98.163830
740.677982, 98.274392
741.642407, 98.160910
742.606831, 97.493288
743.571256, 97.318819
744.535680, 97.241144
745.500104, 96.735145
746.464529, 96.401282
747.428953, 95.783623
748.393378, 94.549314
749.357802, 92.816714
750.322227, 90.557044
751.286651, 88.430944
752.251076, 86.398112
753.215500, 82.881324
754.179925, 78.208368
755.144349, 74.028825
756.108774, 70.201704
757.073198, 67.299545
758.037622, 68.193946
759.002047, 73.427774
759.966471, 80.499902
760.930896, 86.208693
761.895320, 89.530049
762.859745, 91.183371
763.824169, 92.146263
764.788594, 92.358633
765.753018, 92.476809
766.717443, 92.745372
767.681867, 92.377753
768.646291, 91.645320
769.610716, 91.053892
770.575140, 90.722763
771.539565, 90.076575
772.503989, 88.956016
773.468414, 87.733233
774.432838, 86.280425
775.397263, 84.857515
776.361687, 83.400032
777.326112, 82.114953
778.290536, 80.803722
779.254960, 78.778436
780.219385, 76.823887
781.183809, 74.903113
782.148234, 73.172312
783.112658, 71.466665
784.077083, 69.435461
785.041507, 67.307589
786.005932, 65.050543
786.970356, 62.556454
787.934781, 59.814404
788.899205, 57.111673
789.863629, 55.270168
790.828054, 55.135786
791.792478, 57.171772
792.756903, 59.851106
793.721327, 61.597412
794.685752, 62.524338
795.650176, 63.132432
796.614601, 63.705878
797.579025, 64.187919
798.543450, 64.416798
799.507874, 64.699655
800.472298, 65.543626
801.436723, 66.541299
802.401147, 67.350162
803.365572, 68.193682
804.329996, 68.835043
805.294421, 69.634739
806.258845, 70.972699
807.223270, 72.281757
808.187694, 73.304214
809.152119, 74.271026
810.116543, 75.002774
811.080967, 75.618231
812.045392, 76.491028
813.009816, 77.440508
813.974241, 78.005011
814.938665, 78.464434
815.903090, 78.913995
816.867514, 79.459310
817.831939, 80.017655
818.796363, 80.706986
819.760788, 81.400434
820.725212, 82.140898
821.689637, 82.916153
822.654061, 83.717548
823.618485, 84.414916
824.582910, 85.330520
825.547334, 85.933205
826.511759, 85.955884
827.476183, 85.945385
828.440608, 85.536337
829.405032, 84.427417
830.369457, 83.458712
831.333881, 84.040803
832.298306, 86.440061
833.262730, 88.795350
834.227154, 90.444768
835.191579, 91.694433
836.156003, 92.041195
837.120428, 91.985333
838.084852, 91.916810
839.049277, 91.312265
840.013701, 90.951592
840.978126, 90.395608
841.942550, 88.938252
842.906975, 88.004445
843.871399, 88.180196
844.835823, 88.956291
845.800248, 90.241833
846.764672, 91.737712
847.729097, 92.701201
848.693521, 93.671840
849.657946, 94.621255
850.622370, 94.717012
851.586795, 94.980476
852.551219, 95.179201
853.515644, 94.795485
854.480068, 95.131189
855.444492, 95.701068
856.408917, 95.147195
857.373341, 94.640632
858.337766, 94.522337
859.302190, 93.776928
860.266615, 93.125296
861.231039, 93.015238
862.195464, 92.396984
863.159888, 91.952122
864.124313, 91.469971
865.088737, 90.490505
866.053161, 89.856050
867.017586, 89.283306
867.982010, 88.152963
868.946435, 87.385084
869.910859, 87.279258
870.875284, 87.443127
871.839708, 88.080703
872.804133, 88.808402
873.768557, 89.343038
874.732982, 90.429693
875.697406, 91.468816
876.661831, 91.677797
877.626255, 92.479938
878.590679, 93.173909
879.555104, 92.997953
880.519528, 93.211665
881.483953, 93.879087
882.448377, 94.340007
883.412802, 95.237838
884.377226, 96.275476
885.341651, 96.658034
886.306075, 97.053546
887.270500, 97.480271
888.234924, 97.470263
889.199348, 97.924250
890.163773, 98.713753
891.128197, 98.573622
892.092622, 98.618497
893.057046, 99.101653
894.021471, 98.864911
894.985895, 98.650947
895.950320, 99.128391
896.914744, 99.587144
897.879169, 100.066229
898.843593, 100.106795
899.808017, 99.594341
900.772442, 99.857529
901.736866, 100.357422
902.701291, 100.030121
903.665715, 99.814138
904.630140, 99.928782
905.594564, 99.833893
906.558989, 99.717305
907.523413, 99.826702
908.487838, 99.618220
909.452262, 99.651457
910.416686, 100.037873
911.381111, 100.002564
912.345535, 100.253891
913.309960, 100.764543
914.274384, 100.317020
915.238809, 100.070265
916.203233, 100.499431
917.167658, 100.413483
918.132082, 100.283283
919.096507, 100.419002
920.060931, 99.946432
921.025355, 99.907211
921.989780, 99.890698
922.954204, 99.380350
923.918629, 99.554510
924.883053, 99.392740
925.847478, 98.463473
926.811902, 98.121959
927.776327, 97.904669
928.740751, 96.964659
929.705176, 96.828474
930.669600, 97.658052
931.634024, 98.392684
932.598449, 99.088959
933.562873, 99.687820
934.527298, 99.837777
935.491722, 100.115586
936.456147, 100.260745
937.420571, 99.965106
938.384996, 100.001675
939.349420, 100.280538
940.313845, 100.050652
941.278269, 99.849788
942.242694, 100.073089
943.207118, 99.691530
944.171542, 99.338171
945.135967, 99.234115
946.100391, 98.657799
947.064816, 98.733132
948.029240, 99.362158
948.993665, 99.195623
949.958089, 99.576305
950.922514, 99.900156
951.886938, 99.376943
952.851363, 99.218426
953.815787, 99.347207
954.780211, 99.171617
955.744636, 99.096704
956.709060, 98.781732
957.673485, 98.120716
958.637909, 97.807725
959.602334, 96.852672
960.566758, 95.191356
961.531183, 94.311784
962.495607, 94.391315
963.460032, 94.879505
964.424456, 96.109797
965.388880, 97.186880
966.353305, 97.456642
967.317729, 97.716013
968.282154, 97.838673
969.246578, 97.566046
970.211003, 97.637453
971.175427, 97.691588
972.139852, 97.182703
973.104276, 97.286288
974.068701, 97.477916
975.033125, 96.869231
975.997549, 96.406861
976.961974, 96.387556
977.926398, 96.145767
978.890823, 95.986501
979.855247, 95.497028
980.819672, 94.860252
981.784096, 94.634614
982.748521, 94.194288
983.712945, 93.374342
984.677370, 92.953299
985.641794, 92.524149
986.606218, 91.778756
987.570643, 91.052760
988.535067, 90.359967
989.499492, 89.413449
990.463916, 88.576808
991.428341, 87.624003
992.392765, 86.631738
993.357190, 85.602257
994.321614, 84.260982
995.286039, 82.521003
996.250463, 80.902866
997.214888, 79.278669
998.179312, 77.184894
999.143736, 75.138081
1000.108161, 72.723237
1001.072585, 69.918661
1002.037010, 67.317825
1003.001434, 64.885166
1003.965859, 62.713226
1004.930283, 61.551490
1005.894708, 61.540648
1006.859132, 62.505812
1007.823557, 64.295356
1008.787981, 65.858362
1009.752405, 66.782384
1010.716830, 67.498559
1011.681254, 68.002263
1012.645679, 67.843822
1013.610103, 67.533454
1014.574528, 67.387048
1015.538952, 67.427516
1016.503377, 67.548303
1017.467801, 67.442299
1018.432226, 67.390857
1019.396650, 67.489512
1020.361074, 67.252471
1021.325499, 66.786837
1022.289923, 66.458820
1023.254348, 66.039423
1024.218772, 65.012358
1025.183197, 63.733142
1026.147621, 62.443223
1027.112046, 61.355465
1028.076470, 60.934529
1029.040895, 61.443525
1030.005319, 62.797620
1030.969743, 65.338748
1031.934168, 68.469917
1032.898592, 70.836087
1033.863017, 72.480402
1034.827441, 73.516829
1035.791866, 73.854682
1036.756290, 73.751347
1037.720715, 73.782893
1038.685139, 74.510170
1039.649564, 75.867406
1040.613988, 77.127225
1041.578412, 77.665192
1042.542837, 78.183647
1043.507261, 78.543067
1044.471686, 78.421863
1045.436110, 78.509483
1046.400535, 78.443988
1047.364959, 78.360791
1048.329384, 78.699016
1049.293808, 79.368008
1050.258233, 80.016957
1051.222657, 80.405693
1052.187081, 80.426318
1053.151506, 80.447137
1054.115930, 80.723278
1055.080355, 80.588421
1056.044779, 80.245623
1057.009204, 79.967025
1057.973628, 79.798579
1058.938053, 79.239327
1059.902477, 78.374789
1060.866902, 77.285025
1061.831326, 76.051930
1062.795751, 75.084479
1063.760175, 75.251411
1064.724599, 76.675972
1065.689024, 78.378124
1066.653448, 79.442352
1067.617873, 79.910464
1068.582297, 80.101697
1069.546722, 80.351658
1070.511146, 80.511319
1071.475571, 80.503622
1072.439995, 80.357851
1073.404420, 80.257316
1074.368844, 80.214532
1075.333268, 80.102622
1076.297693, 79.922562
1077.262117, 79.803681
1078.226542, 79.771095
1079.190966, 79.654747
1080.155391, 79.314868
1081.119815, 79.078400
1082.084240, 79.027980
1083.048664, 78.935983
1084.013089, 78.949420
1084.977513, 79.008680
1085.941937, 78.853052
1086.906362, 78.606754
1087.870786, 78.610467
1088.835211, 78.730991
1089.799635, 78.723179
1090.764060, 78.598626
1091.728484, 78.751671
1092.692909, 78.928505
1093.657333, 78.844289
1094.621758, 78.796031
1095.586182, 78.801066
1096.550606, 78.689441
1097.515031, 78.570354
1098.479455, 78.486425
1099.443880, 78.961093
1100.408304, 79.852048
1101.372729, 80.530191
1102.337153, 80.945759
1103.301578, 81.243752
1104.266002, 81.458356
1105.230427, 81.434505
1106.194851, 81.188202
1107.159275, 81.088945
1108.123700, 81.119139
1109.088124, 81.153153
1110.052549, 81.623187
1111.016973, 82.630537
1111.981398, 84.023225
1112.945822, 85.622466
1113.910247, 86.999130
1114.874671, 88.119908
1115.839096, 88.942822
1116.803520, 89.629174
1117.767945, 90.184238
1118.732369, 90.815182
1119.696793, 91.327199
1120.661218, 91.611137
1121.625642, 92.093850
1122.590067, 92.393238
1123.554491, 92.711484
1124.518916, 93.003549
1125.483340, 93.195332
1126.447765, 93.479208
1127.412189, 93.702005
1128.376614, 93.768685
1129.341038, 93.872972
1130.305462, 93.936302
1131.269887, 94.079258
1132.234311, 94.124255
1133.198736, 94.051810
1134.163160, 93.946532
1135.127585, 93.869403
1136.092009, 93.770191
1137.056434, 93.222744
1138.020858, 92.558480
1138.985283, 92.063856
1139.949707, 91.319659
1140.914131, 90.289620
1141.878556, 89.291973
1142.842980, 88.394383
1143.807405, 87.959479
1144.771829, 88.091524
1145.736254, 88.618084
1146.700678, 89.108125
1147.665103, 89.273412
1148.629527, 89.118167
1149.593952, 89.043415
1150.558376, 89.139692
1151.522800, 89.409323
1152.487225, 89.592394
1153.451649, 88.921275
1154.416074, 87.721662
1155.380498, 87.542371
1156.344923, 89.236166
1157.309347, 91.743274
1158.273772, 93.807394
1159.238196, 94.901303
1160.202621, 95.458456
1161.167045, 96.148301
1162.131469, 96.883265
1163.095894, 97.418458
1164.060318, 98.013331
1165.024743, 98.442092
1165.989167, 98.734324
1166.953592, 98.731459
1167.918016, 98.667928
1168.882441, 98.250743
1169.846865, 97.413934
1170.811290, 96.569239
1171.775714, 95.832136
1172.740138, 95.418169
1173.704563, 95.682526
1174.668987, 96.522954
1175.633412, 97.560795
1176.597836, 98.526918
1177.562261, 99.169755
1178.526685, 99.480910
1179.491110, 99.884904
1180.455534, 100.086641
1181.419959, 100.009510
1182.384383, 100.127399
1183.348808, 100.155704
1184.313232, 100.177985
1185.277656, 100.043941
1186.242081, 99.806314
1187.206505, 99.558952
1188.170930, 99.418200
1189.135354, 99.266306
1190.099779, 99.014082
1191.064203, 98.899809
1192.028628, 98.903737
1192.993052, 98.640086
1193.957477, 98.467905
1194.921901, 98.678847
1195.886325, 99.121582
1196.850750, 99.566607
1197.815174, 99.877369
1198.779599, 100.048139
1199.744023, 100.223936
1200.708448, 100.316721
1201.672872, 100.311381
1202.637297, 100.231363
1203.601721, 100.047213
1204.566146, 99.871247
1205.530570, 99.733311
1206.494994, 99.413469
1207.459419, 98.922977
1208.423843, 98.678963
1209.388268, 98.316917
1210.352692, 97.743226
1211.317117, 97.474696
1212.281541, 97.648191
1213.245966, 97.948616
1214.210390, 98.359960
1215.174815, 98.929067
1216.139239, 99.269589
1217.103663, 99.432741
1218.068088, 99.718490
1219.032512, 99.920322
1219.996937, 99.971051
1220.961361, 99.866291
1221.925786, 99.606818
1222.890210, 99.446497
1223.854635, 99.201753
1224.819059, 98.821894
1225.783484, 98.461066
1226.747908, 98.029145
1227.712332, 97.263265
1228.676757, 96.522146
1229.641181, 95.799590
1230.605606, 95.264222
1231.570030, 95.044839
1232.534455, 94.869976
1233.498879, 94.981270
1234.463304, 95.664263
1235.427728, 96.427230
1236.392153, 96.952279
1237.356577, 97.458735
1238.321002, 97.753031
1239.285426, 97.749853
1240.249850, 97.892961
1241.214275, 97.828771
1242.178699, 97.356228
1243.143124, 96.872876
1244.107548, 96.247962
1245.071973, 95.209792
1246.036397, 94.231864
1247.000822, 93.264061
1247.965246, 92.528684
1248.929671, 92.289176
1249.894095, 92.001365
1250.858519, 91.078027
1251.822944, 89.535993
1252.787368, 87.476970
1253.751793, 85.068023
1254.716217, 82.557985
1255.680642, 80.123693
1256.645066, 77.912123
1257.609491, 76.328016
1258.573915, 75.330810
1259.538340, 74.538417
1260.502764, 74.559968
1261.467188, 75.284230
1262.431613, 76.457147
1263.396037, 78.095478
1264.360462, 80.070515
1265.324886, 82.080752
1266.289311, 84.212913
1267.253735, 86.490518
1268.218160, 88.613252
1269.182584, 90.601245
1270.147009, 92.288648
1271.111433, 93.691697
1272.075857, 94.935295
1273.040282, 96.003451
1274.004706, 96.763787
1274.969131, 97.346651
1275.933555, 97.800852
1276.897980, 98.250766
1277.862404, 98.751839
1278.826829, 98.965652
1279.791253, 99.202876
1280.755678, 99.437209
1281.720102, 99.529279
1282.684526, 99.536329
1283.648951, 99.727297
1284.613375, 99.846770
1285.577800, 99.851248
1286.542224, 100.035345
1287.506649, 100.223307
1288.471073, 100.198223
1289.435498, 100.153681
1290.399922, 100.161731
1291.364347, 100.181609
1292.328771, 100.283532
1293.293195, 100.263701
1294.257620, 100.203187
1295.222044, 100.444205
1296.186469, 100.554274
1297.150893, 100.395112
1298.115318, 100.291594
1299.079742, 100.327610
1300.044167, 100.326820
1301.008591, 100.260594
1301.973016, 100.157090
1302.937440, 100.055910
1303.901865, 100.021127
1304.866289, 99.957435
1305.830713, 99.878421
1306.795138, 99.886598
1307.759562, 99.840071
1308.723987, 99.643822
1309.688411, 99.540135
1310.652836, 99.504315
1311.617260, 99.380702
1312.581685, 99.270444
1313.546109, 99.162083
1314.510534, 99.081575
1315.474958, 99.053926
1316.439382, 98.962537
1317.403807, 98.745591
1318.368231, 98.704407
1319.332656, 98.627692
1320.297080, 98.440223
1321.261505, 98.286047
1322.225929, 98.160436
1323.190354, 97.816733
1324.154778, 97.503577
1325.119203, 97.150745
1326.083627, 96.734115
1327.048051, 96.166814
1328.012476, 95.524686
1328.976900, 95.055452
1329.941325, 94.705955
1330.905749, 94.188240
1331.870174, 93.478235
1332.834598, 93.028436
1333.799023, 92.937633
1334.763447, 92.926844
1335.727872, 93.310430
1336.692296, 93.938752
1337.656720, 94.788806
1338.621145, 95.956835
1339.585569, 96.991427
1340.549994, 97.689372
1341.514418, 98.466686
1342.478843, 99.143358
1343.443267, 99.352509
1344.407692, 99.762757
1345.372116, 100.053180
1346.336541, 100.270159
1347.300965, 100.484701
1348.265389, 100.576264
1349.229814, 100.474209
1350.194238, 100.445302
1351.158663, 100.572811
1352.123087, 100.538329
1353.087512, 100.416488
1354.051936, 100.493618
1355.016361, 100.342290
1355.980785, 100.114035
1356.945210, 100.121616
1357.909634, 99.866730
1358.874059, 99.445567
1359.838483, 99.338240
1360.802907, 99.083090
1361.767332, 98.654465
1362.731756, 98.298064
1363.696181, 97.379062
1364.660605, 97.185158
1365.625030, 96.648427
1366.589454, 95.424282
1367.553879, 93.915329
1368.518303, 91.750097
1369.482728, 89.193004
1370.447152, 88.135034
1371.411576, 88.907144
1372.376001, 91.214656
1373.340425, 93.428644
1374.304850, 94.657692
1375.269274, 95.117695
1376.233699, 95.356413
1377.198123, 95.367676
1378.162548, 95.124803
1379.126972, 94.933424
1380.091397, 94.831099
1381.055821, 94.653807
1382.020245, 93.908737
1382.984670, 93.769576
1383.949094, 93.379460
1384.913519, 92.481445
1385.877943, 91.636608
1386.842368, 90.493226
1387.806792, 88.348523
1388.771217, 86.682347
1389.735641, 85.202681
1390.700066, 83.458927
1391.664490, 81.893036
1392.628914, 81.165573
1393.593339, 81.899885
1394.557763, 83.726015
1395.522188, 86.138856
1396.486612, 87.758032
1397.451037, 88.169654
1398.415461, 87.700813
1399.379886, 85.710478
1400.344310, 83.798159
1401.308735, 83.273395
1402.273159, 83.619009
1403.237583, 84.586101
1404.202008, 85.490545
1405.166432, 85.767004
1406.130857, 87.283517
1407.095281, 90.734276
1408.059706, 92.701064
1409.024130, 94.206205
1409.988555, 94.429979
1410.952979, 94.412590
1411.917404, 93.330123
1412.881828, 92.431225
1413.846252, 90.264008
1414.810677, 87.832910
1415.775101, 85.350231
1416.739526, 83.971250
1417.703950, 84.453922
1418.668375, 86.472155
1419.632799, 89.207428
1420.597224, 91.767774
1421.561648, 93.087337
1422.526073, 94.494597
1423.490497, 95.314940
1424.454922, 95.419027
1425.419346, 95.711979
1426.383770, 95.258954
1427.348195, 94.393395
1428.312619, 93.432734
1429.277044, 93.145000
1430.241468, 93.516017
1431.205893, 94.400656
1432.170317, 94.706366
1433.134742, 94.375781
1434.099166, 93.855544
1435.063591, 93.461615
1436.028015, 93.246911
1436.992439, 91.673425
1437.956864, 91.390481
1438.921288, 91.496600
1439.885713, 91.250006
1440.850137, 91.040849
1441.814562, 90.376771
1442.778986, 90.287868
1443.743411, 90.063455
1444.707835, 89.584899
1445.672260, 88.890201
1446.636684, 88.456515
1447.601108, 88.166782
1448.565533, 87.678525
1449.529957, 87.711151
1450.494382, 87.345651
1451.458806, 86.537869
1452.423231, 85.391781
1453.387655, 84.641127
1454.352080, 84.413572
1455.316504, 84.714680
1456.280929, 85.115175
1457.245353, 83.127939
1458.209777, 82.231443
1459.174202, 81.996190
1460.138626, 82.063353
1461.103051, 82.229493
1462.067475, 82.179662
1463.031900, 82.329944
1463.996324, 82.710602
1464.960749, 82.343079
1465.925173, 82.019974
1466.889598, 82.849196
1467.854022, 83.161834
1468.818446, 83.623974
1469.782871, 84.663696
1470.747295, 86.716454
1471.711720, 89.153196
1472.676144, 91.727055
1473.640569, 93.252504
1474.604993, 94.706945
1475.569418, 95.775733
1476.533842, 95.412023
1477.498267, 95.072324
1478.462691, 94.979591
1479.427116, 94.188643
1480.391540, 92.708323
1481.355964, 90.719810
1482.320389, 88.970961
1483.284813, 88.070697
1484.249238, 88.753294
1485.213662, 90.752889
1486.178087, 93.342558
1487.142511, 95.473040
1488.106936, 97.056865
1489.071360, 98.214465
1490.035785, 98.637712
1491.000209, 98.602547
1491.964633, 99.173422
1492.929058, 99.622845
1493.893482, 99.788739
1494.857907, 99.945715
1495.822331, 100.125481
1496.786756, 99.505425
1497.751180, 99.617768
1498.715605, 99.422733
1499.680029, 99.023244
1500.644454, 98.992040
1501.608878, 98.794942
1502.573302, 98.528582
1503.537727, 98.297994
1504.502151, 97.931338
1505.466576, 97.873390
1506.431000, 96.571709
1507.395425, 95.041928
1508.359849, 94.235580
1509.324274, 93.596214
1510.288698, 92.796727
1511.253123, 92.285287
1512.217547, 91.212932
1513.181971, 89.992058
1514.146396, 89.312076
1515.110820, 88.093080
1516.075245, 87.228495
1517.039669, 85.656339
1518.004094, 83.299749
1518.968518, 83.268113
1519.932943, 83.283901
1520.897367, 81.974078
1521.861792, 80.248208
1522.826216, 79.137375
1523.790640, 78.685848
1524.755065, 78.886552
1525.719489, 77.432978
1526.683914, 76.752806
1527.648338, 76.708779
1528.612763, 76.356757
1529.577187, 76.302634
1530.541612, 76.728089
1531.506036, 77.289742
1532.470461, 77.955068
1533.434885, 78.556232
1534.399309, 78.851282
1535.363734, 80.187636
1536.328158, 81.326985
1537.292583, 82.722659
1538.257007, 83.925159
1539.221432, 84.123007
1540.185856, 83.619636
1541.150281, 84.858177
1542.114705, 85.395385
1543.079130, 85.916921
1544.043554, 87.150059
1545.007979, 88.252935
1545.972403, 89.131775
1546.936827, 90.576159
1547.901252, 91.954376
1548.865676, 93.335252
1549.830101, 94.179061
1550.794525, 94.657717
1551.758950, 95.797128
1552.723374, 96.622314
1553.687799, 97.175801
1554.652223, 96.973493
1555.616648, 97.562069
1556.581072, 98.649568
1557.545496, 99.081025
1558.509921, 97.904346
1559.474345, 98.232130
1560.438770, 97.634263
1561.403194, 98.132700
1562.367619, 98.863017
1563.332043, 99.089300
1564.296468, 99.098549
1565.260892, 99.039774
1566.225317, 99.429612
1567.189741, 99.874045
1568.154165, 100.256477
1569.118590, 100.253438
1570.083014, 99.273483
1571.047439, 99.612584
1572.011863, 99.988850
1572.976288, 99.864530
1573.940712, 99.947058
1574.905137, 100.254487
1575.869561, 100.165139
1576.833986, 98.956420
1577.798410, 99.555248
1578.762834, 99.939980
1579.727259, 100.085580
1580.691683, 100.132636
1581.656108, 100.064681
1582.620532, 99.973436
1583.584957, 100.030830
1584.549381, 99.989846
1585.513806, 100.048340
1586.478230, 99.981009
1587.442655, 99.879118
1588.407079, 99.832597
1589.371503, 99.862499
1590.335928, 99.801010
1591.300352, 99.533705
1592.264777, 99.015713
1593.229201, 98.557278
1594.193626, 98.178883
1595.158050, 97.792300
1596.122475, 97.898369
1597.086899, 98.497538
1598.051324, 98.993954
1599.015748, 99.264130
1599.980173, 99.314173
1600.944597, 99.369856
1601.909021, 99.473861
1602.873446, 99.562226
1603.837870, 99.568107
1604.802295, 99.630322
1605.766719, 99.709749
1606.731144, 99.746919
1607.695568, 99.842032
1608.659993, 100.103252
1609.624417, 99.907961
1610.588842, 99.849936
1611.553266, 99.879560
1612.517690, 99.949909
1613.482115, 100.072468
1614.446539, 100.207452
1615.410964, 100.458052
1616.375388, 100.337027
1617.339813, 99.575231
1618.304237, 99.805733
1619.268662, 99.989681
1620.233086, 100.088810
1621.197511, 100.189693
1622.161935, 100.424298
1623.126359, 100.249251
1624.090784, 99.885753
1625.055208, 100.048126
1626.019633, 100.112866
1626.984057, 100.114035
1627.948482, 99.933390
1628.912906, 99.924057
1629.877331, 100.033944
1630.841755, 99.978168
1631.806180, 99.963236
1632.770604, 99.972190
1633.735028, 100.177527
1634.699453, 100.555424
1635.663877, 99.672357
1636.628302, 99.577559
1637.592726, 99.731276
1638.557151, 99.616095
1639.521575, 99.790912
1640.486000, 99.850338
1641.450424, 99.907001
1642.414849, 99.753359
1643.379273, 99.714758
1644.343697, 99.870858
1645.308122, 100.182614
1646.272546, 99.758630
1647.236971, 99.668169
1648.201395, 99.559724
1649.165820, 99.676220
1650.130244, 100.025268
1651.094669, 100.466834
1652.059093, 101.234038
1653.023518, 100.142442
1653.987942, 99.045547
1654.952366, 99.637608
1655.916791, 100.050820
1656.881215, 100.158298
1657.845640, 100.145337
1658.810064, 100.230643
1659.774489, 100.358398
1660.738913, 100.341243
1661.703338, 100.380547
1662.667762, 100.318571
1663.632187, 100.106061
1664.596611, 100.221032
1665.561036, 100.164251
1666.525460, 100.215264
1667.489884, 100.365869
1668.454309, 100.615841
1669.418733, 100.101403
1670.383158, 100.078542
1671.347582, 100.335866
1672.312007, 100.217241
1673.276431, 100.359429
1674.240856, 100.698336
1675.205280, 100.347460
1676.169705, 99.900678
1677.134129, 100.316289
1678.098553, 100.409150
1679.062978, 100.476116
1680.027402, 100.457848
1680.991827, 100.360882
1681.956251, 100.646953
1682.920676, 100.893866
1683.885100, 100.713615
1684.849525, 99.617602
1685.813949, 99.723557
1686.778374, 100.410005
1687.742798, 100.562432
1688.707222, 100.387382
1689.671647, 100.342044
1690.636071, 100.363538
1691.600496, 100.473217
1692.564920, 100.536672
1693.529345, 100.529140
1694.493769, 100.788582
1695.458194, 100.873317
1696.422618, 99.917054
1697.387043, 100.143549
1698.351467, 100.404599
1699.315891, 100.802817
1700.280316, 100.039465
1701.244740, 99.039263
1702.209165, 100.095914
1703.173589, 100.413967
1704.138014, 100.317682
1705.102438, 100.150830
1706.066863, 100.173311
1707.031287, 99.985277
1707.995712, 100.137280
1708.960136, 100.281879
1709.924560, 100.227701
1710.888985, 100.001349
1711.853409, 99.971307
1712.817834, 100.042449
1713.782258, 100.233546
1714.746683, 100.110017
1715.711107, 100.000846
1716.675532, 100.422164
1717.639956, 100.221611
1718.604381, 99.628453
1719.568805, 99.708286
1720.533230, 99.943462
1721.497654, 100.011377
1722.462078, 99.997188
1723.426503, 99.970145
1724.390927, 99.936600
1725.355352, 99.875929
1726.319776, 99.805086
1727.284201, 99.857345
1728.248625, 99.967776
1729.213050, 100.123027
1730.177474, 99.846832
1731.141899, 99.832779
1732.106323, 100.104947
1733.070747, 100.343805
1734.035172, 99.993553
1734.999596, 99.387367
1735.964021, 99.729304
1736.928445, 100.006472
1737.892870, 100.029505
1738.857294, 100.170542
1739.821719, 99.889509
1740.786143, 99.718853
1741.750568, 100.016669
1742.714992, 100.114601
1743.679416, 99.880048
1744.643841, 99.980640
1745.608265, 100.163584
1746.572690, 100.081189
1747.537114, 100.014254
1748.501539, 100.022726
1749.465963, 99.953026
1750.430388, 100.285510
1751.394812, 100.012778
1752.359237, 99.819606
1753.323661, 100.128024
1754.288085, 100.268183
1755.252510, 100.376163
1756.216934, 100.259594
1757.181359, 99.726353
1758.145783, 99.777457
1759.110208, 99.898613
1760.074632, 99.940271
1761.039057, 100.135614
1762.003481, 99.741373
1762.967906, 99.762718
1763.932330, 99.933495
1764.896754, 99.940435
1765.861179, 100.084662
1766.825603, 100.260283
1767.790028, 100.322773
1768.754452, 99.857866
1769.718877, 100.015281
1770.683301, 100.227849
1771.647726, 100.302310
1772.612150, 100.046764
1773.576575, 99.690822
1774.540999, 100.050835
1775.505423, 99.961326
1776.469848, 99.770197
1777.434272, 99.871169
1778.398697, 100.021083
1779.363121, 100.129145
1780.327546, 100.104037
1781.291970, 99.919527
1782.256395, 100.106519
1783.220819, 100.221442
1784.185244, 100.224972
1785.149668, 100.064867
1786.114093, 100.075171
1787.078517, 100.110980
1788.042941, 100.073875
1789.007366, 100.126996
1789.971790, 100.142238
1790.936215, 99.961706
1791.900639, 100.150479
1792.865064, 99.973143
1793.829488, 99.879969
1794.793913, 100.125128
1795.758337, 100.010151
1796.722762, 99.897012
1797.687186, 100.092617
1798.651610, 100.215378
1799.616035, 99.976989
1800.580459, 99.928475
1801.544884, 100.102588
1802.509308, 100.013498
1803.473733, 99.958266
1804.438157, 99.888368
1805.402582, 99.787788
1806.367006, 99.803303
1807.331431, 99.892693
1808.295855, 99.924323
1809.260279, 100.035996
1810.224704, 100.023095
1811.189128, 99.879770
1812.153553, 99.782818
1813.117977, 99.845936
1814.082402, 100.031044
1815.046826, 100.019227
1816.011251, 100.108850
1816.975675, 100.152656
1817.940100, 99.997461
1818.904524, 99.926943
1819.868948, 99.903541
1820.833373, 100.037891
1821.797797, 100.126789
1822.762222, 100.065844
1823.726646, 100.021760
1824.691071, 99.953957
1825.655495, 99.537453
1826.619920, 99.656427
1827.584344, 99.836996
1828.548769, 99.976766
1829.513193, 99.850504
1830.477617, 99.452590
1831.442042, 99.802244
1832.406466, 100.071982
1833.370891, 99.887736
1834.335315, 99.770198
1835.299740, 99.809521
1836.264164, 99.937300
1837.228589, 99.999366
1838.193013, 99.863519
1839.157438, 99.726616
1840.121862, 99.747189
1841.086287, 99.915151
1842.050711, 99.935755
1843.015135, 100.004010
1843.979560, 99.897888
1844.943984, 99.668577
1845.908409, 99.909958
1846.872833, 99.825672
1847.837258, 99.653769
1848.801682, 99.650027
1849.766107, 99.739822
1850.730531, 99.587459
1851.694956, 99.610385
1852.659380, 99.641440
1853.623804, 99.628132
1854.588229, 99.748589
1855.552653, 99.773400
1856.517078, 99.503689
1857.481502, 99.451424
1858.445927, 99.620915
1859.410351, 99.873716
1860.374776, 99.881235
1861.339200, 99.660893
1862.303625, 99.659936
1863.268049, 99.701343
1864.232473, 99.663049
1865.196898, 99.700244
1866.161322, 99.651359
1867.125747, 99.770765
1868.090171, 99.762250
1869.054596, 99.578843
1870.019020, 99.482282
1870.983445, 99.482642
1871.947869, 99.281757
1872.912294, 99.337162
1873.876718, 99.412390
1874.841142, 99.330070
1875.805567, 99.437955
1876.769991, 99.480428
1877.734416, 99.560191
1878.698840, 99.734894
1879.663265, 99.653975
1880.627689, 99.539286
1881.592114, 99.551024
1882.556538, 99.686206
1883.520963, 99.735979
1884.485387, 99.778810
1885.449811, 99.770621
1886.414236, 99.700573
1887.378660, 99.732698
1888.343085, 99.887531
1889.307509, 99.904257
1890.271934, 99.447288
1891.236358, 99.274396
1892.200783, 99.062312
1893.165207, 99.266232
1894.129632, 99.625019
1895.094056, 99.644244
1896.058480, 99.662001
1897.022905, 99.806354
1897.987329, 99.766620
1898.951754, 100.041328
1899.916178, 100.109991
1900.880603, 100.146832
1901.845027, 100.064919
1902.809452, 100.333007
1903.773876, 100.103392
1904.738301, 99.783543
1905.702725, 99.627635
1906.667150, 99.581577
1907.631574, 99.564892
1908.595998, 99.381868
1909.560423, 99.504448
1910.524847, 99.903869
1911.489272, 100.257381
1912.453696, 99.543006
1913.418121, 99.109923
1914.382545, 99.532175
1915.346970, 99.471905
1916.311394, 99.874438
1917.275819, 99.997407
1918.240243, 99.483510
1919.204667, 99.374736
1920.169092, 99.339272
1921.133516, 98.946126
1922.097941, 99.560002
1923.062365, 100.003173
1924.026790, 99.545092
1924.991214, 99.737765
1925.955639, 99.974818
1926.920063, 99.925021
1927.884488, 100.407884
1928.848912, 100.190731
1929.813336, 99.977825
1930.777761, 100.544794
1931.742185, 100.154377
1932.706610, 99.519667
1933.671034, 99.696746
1934.635459, 100.046816
1935.599883, 99.993146
1936.564308, 100.434027
1937.528732, 100.780632
1938.493157, 100.871503
1939.457581, 101.005299
1940.422005, 100.499141
1941.386430, 100.241603
1942.350854, 99.944598
1943.315279, 99.573743
1944.279703, 99.635087
1945.244128, 99.643970
1946.208552, 100.345910
1947.172977, 100.493034
1948.137401, 100.026629
1949.101826, 99.823634
1950.066250, 99.564466
1951.030674, 100.017678
1951.995099, 99.583955
1952.959523, 99.221523
1953.923948, 99.282799
1954.888372, 98.864288
1955.852797, 99.643916
1956.817221, 100.811823
1957.781646, 101.027883
1958.746070, 100.294007
1959.710495, 100.378627
1960.674919, 100.609072
1961.639344, 99.898098
1962.603768, 100.785807
1963.568192, 100.998625
1964.532617, 100.713023
1965.497041, 101.149238
1966.461466, 100.511007
1967.425890, 99.871360
1968.390315, 99.951342
1969.354739, 99.550499
1970.319164, 98.896336
1971.283588, 98.969984
1972.248013, 98.170717
1973.212437, 98.640787
1974.176861, 100.791611
1975.141286, 100.144262
1976.105710, 100.265631
1977.070135, 100.337537
1978.034559, 100.363792
1978.998984, 100.133256
1979.963408, 100.450983
1980.927833, 101.765839
1981.892257, 101.305644
1982.856682, 100.023979
1983.821106, 100.476904
1984.785530, 101.151069
1985.749955, 100.623438
1986.714379, 101.563358
1987.678804, 101.237980
1988.643228, 100.292353
1989.607653, 99.336772
1990.572077, 99.503847
1991.536502, 100.643363
1992.500926, 99.836562
1993.465351, 99.698848
1994.429775, 99.567197
1995.394199, 99.913767
1996.358624, 100.226120
1997.323048, 100.016295
1998.287473, 99.513188
1999.251897, 98.664310
2000.216322, 100.132435
2001.180746, 101.660987
2002.145171, 101.348475
2003.109595, 99.330450
2004.074020, 99.720541
2005.038444, 100.237705
2006.002868, 100.386176
2006.967293, 100.329714
2007.931717, 100.092753
2008.896142, 100.916776
2009.860566, 100.129611
2010.824991, 99.292180
2011.789415, 98.783322
2012.753840, 99.200173
2013.718264, 100.166485
2014.682689, 100.875372
2015.647113, 99.504523
2016.611537, 98.724870
2017.575962, 98.439727
2018.540386, 98.453420
2019.504811, 100.074165
2020.469235, 101.004072
2021.433660, 100.358753
2022.398084, 99.724864
2023.362509, 100.514989
2024.326933, 101.292459
2025.291358, 101.686195
2026.255782, 101.957827
2027.220207, 100.066541
2028.184631, 98.390524
2029.149055, 99.261751
2030.113480, 99.438716
2031.077904, 99.453200
2032.042329, 99.827451
2033.006753, 100.592526
2033.971178, 99.970961
2034.935602, 99.477602
2035.900027, 99.224040
2036.864451, 99.565831
2037.828876, 99.155957
2038.793300, 99.483434
2039.757724, 100.142345
2040.722149, 100.558598
2041.686573, 100.877602
2042.650998, 100.570229
2043.615422, 100.706210
2044.579847, 100.971950
2045.544271, 101.721224
2046.508696, 101.497872
2047.473120, 101.187964
2048.437545, 100.906891
2049.401969, 99.970302
2050.366393, 99.924589
2051.330818, 100.272281
2052.295242, 99.810213
2053.259667, 100.010742
2054.224091, 99.988760
2055.188516, 99.535439
2056.152940, 99.716518
2057.117365, 100.019331
2058.081789, 99.996865
2059.046214, 99.777928
2060.010638, 99.857802
2060.975062, 100.401129
2061.939487, 100.544225
2062.903911, 99.896627
2063.868336, 99.894693
2064.832760, 100.144035
2065.797185, 100.240769
2066.761609, 100.410764
2067.726034, 99.764398
2068.690458, 98.579196
2069.654883, 98.787572
2070.619307, 98.973319
2071.583731, 99.652086
2072.548156, 100.191539
2073.512580, 100.854473
2074.477005, 100.966578
2075.441429, 100.719119
2076.405854, 100.449567
2077.370278, 100.528986
2078.334703, 100.280584
2079.299127, 100.219963
2080.263552, 99.785078
2081.227976, 99.503313
2082.192401, 99.670600
2083.156825, 100.152447
2084.121249, 100.365428
2085.085674, 100.157582
2086.050098, 100.070278
2087.014523, 99.815280
2087.978947, 99.853950
2088.943372, 99.827218
2089.907796, 98.880127
2090.872221, 99.603721
2091.836645, 100.726482
2092.801070, 100.717232
2093.765494, 100.191005
2094.729918, 99.142409
2095.694343, 99.013900
2096.658767, 99.315024
2097.623192, 99.807451
2098.587616, 99.735127
2099.552041, 99.520198
2100.516465, 99.503578
2101.480890, 99.780602
2102.445314, 99.737260
2103.409739, 99.909800
2104.374163, 100.305947
2105.338587, 99.735972
2106.303012, 99.781906
2107.267436, 99.978866
2108.231861, 100.145116
2109.196285, 100.199156
2110.160710, 99.815977
2111.125134, 99.183223
2112.089559, 99.064019
2113.053983, 99.841926
2114.018408, 100.280285
2114.982832, 99.970549
2115.947256, 99.578290
2116.911681, 99.126030
2117.876105, 98.822263
2118.840530, 99.461222
2119.804954, 100.166054
2120.769379, 99.830404
2121.733803, 99.554920
2122.698228, 99.404792
2123.662652, 99.654147
2124.627077, 100.072439
2125.591501, 99.962419
2126.555925, 99.274673
2127.520350, 99.154665
2128.484774, 99.347473
2129.449199, 99.389363
2130.413623, 99.287612
2131.378048, 99.383170
2132.342472, 99.588425
2133.306897, 99.240937
2134.271321, 99.735797
2135.235746, 100.103011
2136.200170, 99.565809
2137.164594, 99.007492
2138.129019, 99.862150
2139.093443, 99.842000
2140.057868, 99.652832
2141.022292, 100.200191
2141.986717, 101.160452
2142.951141, 100.786833
2143.915566, 100.952336
2144.879990, 101.054985
2145.844415, 99.923860
2146.808839, 100.299509
2147.773264, 99.802875
2148.737688, 99.234641
2149.702112, 100.155426
2150.666537, 98.660618
2151.630961, 98.035493
2152.595386, 99.446636
2153.559810, 101.073324
2154.524235, 101.325317
2155.488659, 100.591582
2156.453084, 102.110147
2157.417508, 101.481656
2158.381933, 101.768226
2159.346357, 102.637523
2160.310781, 101.787134
2161.275206, 101.120239
2162.239630, 100.010107
2163.204055, 98.694724
2164.168479, 98.265602
2165.132904, 99.268435
2166.097328, 100.581947
2167.061753, 101.103363
2168.026177, 99.939742
2168.990602, 99.778995
2169.955026, 99.967261
2170.919450, 100.370229
2171.883875, 99.399080
2172.848299, 99.738450
2173.812724, 100.032543
2174.777148, 100.020362
2175.741573, 100.938657
2176.705997, 102.303949
2177.670422, 102.567879
2178.634846, 100.599978
2179.599271, 100.766061
2180.563695, 100.553986
2181.528119, 99.966540
2182.492544, 100.074631
2183.456968, 99.621913
2184.421393, 99.669472
2185.385817, 99.295715
2186.350242, 98.128787
2187.314666, 97.570621
2188.279091, 98.738003
2189.243515, 99.497043
2190.207940, 99.589489
2191.172364, 98.934439
2192.136788, 99.033210
2193.101213, 99.707803
2194.065637, 100.396096
2195.030062, 100.532131
2195.994486, 100.843930
2196.958911, 100.981396
2197.923335, 99.170846
2198.887760, 98.972253
2199.852184, 100.291793
2200.816609, 100.704520
2201.781033, 100.306409
2202.745458, 100.386651
2203.709882, 100.691842
2204.674306, 101.030603
2205.638731, 101.660677
2206.603155, 100.966973
2207.567580, 99.621946
2208.532004, 98.994456
2209.496429, 99.229528
2210.460853, 99.581587
2211.425278, 98.910365
2212.389702, 99.227010
2213.354127, 99.954370
2214.318551, 100.713616
2215.282975, 101.427003
2216.247400, 100.760633
2217.211824, 100.556924
2218.176249, 100.179127
2219.140673, 99.428097
2220.105098, 99.711744
2221.069522, 99.722435
2222.033947, 99.592960
2222.998371, 99.701262
2223.962796, 99.915399
2224.927220, 99.562264
2225.891644, 99.580471
2226.856069, 100.210457
2227.820493, 100.647611
2228.784918, 99.983273
2229.749342, 99.646267
2230.713767, 99.913984
2231.678191, 99.556438
2232.642616, 99.969984
2233.607040, 100.878921
2234.571465, 101.142149
2235.535889, 101.175973
2236.500313, 101.240738
2237.464738, 100.535608
2238.429162, 100.148563
2239.393587, 99.701779
2240.358011, 99.197439
2241.322436, 99.760452
2242.286860, 99.889350
2243.251285, 100.242001
2244.215709, 100.581215
2245.180134, 100.584212
2246.144558, 100.071171
2247.108982, 99.855277
2248.073407, 99.702878
2249.037831, 99.467007
2250.002256, 99.473964
2250.966680, 99.493812
2251.931105, 99.590036
2252.895529, 99.498270
2253.859954, 99.135440
2254.824378, 99.175432
2255.788803, 99.626807
2256.753227, 100.034829
2257.717651, 99.968354
2258.682076, 99.882922
2259.646500, 99.885843
2260.610925, 100.151652
2261.575349, 100.672125
2262.539774, 100.585007
2263.504198, 100.114127
2264.468623, 99.811301
2265.433047, 99.805780
2266.397472, 99.894986
2267.361896, 100.037406
2268.326321, 100.104246
2269.290745, 99.974702
2270.255169, 99.736687
2271.219594, 99.951712
2272.184018, 100.397159
2273.148443, 100.185007
2274.112867, 99.735917
2275.077292, 99.658984
2276.041716, 99.820883
2277.006141, 99.997896
2277.970565, 99.946062
2278.934990, 100.006061
2279.899414, 100.128799
2280.863838, 100.001950
2281.828263, 99.745803
2282.792687, 99.787299
2283.757112, 100.210909
2284.721536, 100.177336
2285.685961, 99.966945
2286.650385, 100.011703
2287.614810, 99.907207
2288.579234, 100.097695
2289.543659, 100.480073
2290.508083, 100.365239
2291.472507, 100.031860
2292.436932, 99.883212
2293.401356, 99.920197
2294.365781, 99.879327
2295.330205, 99.948520
2296.294630, 100.015928
2297.259054, 100.303546
2298.223479, 99.955553
2299.187903, 99.749576
2300.152328, 99.872200
2301.116752, 99.753059
2302.081176, 99.757613
2303.045601, 99.383547
2304.010025, 99.497752
2304.974450, 99.654437
2305.938874, 99.898004
2306.903299, 99.973893
2307.867723, 99.881832
2308.832148, 100.147077
2309.796572, 100.080737
2310.760997, 100.443590
2311.725421, 100.108831
2312.689845, 100.602073
2313.654270, 100.160006
2314.618694, 100.688303
2315.583119, 100.334671
2316.547543, 100.241279
2317.511968, 99.899787
2318.476392, 100.128531
2319.440817, 99.760060
2320.405241, 100.252186
2321.369666, 100.394180
2322.334090, 100.593072
2323.298515, 100.008641
2324.262939, 100.268320
2325.227363, 100.211681
2326.191788, 100.119203
2327.156212, 99.857079
2328.120637, 100.107525
2329.085061, 100.052395
2330.049486, 99.745573
2331.013910, 99.622460
2331.978335, 99.858866
2332.942759, 100.099119
2333.907184, 100.032192
2334.871608, 100.120470
2335.836032, 100.237636
2336.800457, 100.456323
2337.764881, 100.193084
2338.729306, 99.805529
2339.693730, 99.973368
2340.658155, 100.225074
2341.622579, 100.525854
2342.587004, 100.317076
2343.551428, 100.246616
2344.515853, 100.195873
2345.480277, 99.962844
2346.444701, 99.913591
2347.409126, 100.008303
2348.373550, 99.663976
2349.337975, 99.766804
2350.302399, 100.336010
2351.266824, 100.476868
2352.231248, 100.409815
2353.195673, 101.156082
2354.160097, 101.054631
2355.124522, 100.624457
2356.088946, 100.351148
2357.053370, 100.606517
2358.017795, 100.652113
2358.982219, 100.425654
2359.946644, 100.662152
2360.911068, 100.648837
2361.875493, 99.978810
2362.839917, 100.188853
2363.804342, 100.145406
2364.768766, 99.347836
2365.733191, 99.424787
2366.697615, 100.025795
2367.662039, 100.595228
2368.626464, 100.639349
2369.590888, 100.141870
2370.555313, 99.620394
2371.519737, 99.603843
2372.484162, 100.230117
2373.448586, 100.688292
2374.413011, 100.136353
2375.377435, 99.538084
2376.341860, 99.695017
2377.306284, 100.141956
2378.270708, 100.254205
2379.235133, 100.240791
2380.199557, 100.162114
2381.163982, 99.888370
2382.128406, 99.894155
2383.092831, 100.302460
2384.057255, 100.451088
2385.021680, 100.389971
2385.986104, 100.333445
2386.950529, 100.545149
2387.914953, 100.560909
2388.879378, 100.337959
2389.843802, 100.102308
2390.808226, 100.156270
2391.772651, 100.473879
2392.737075, 100.360952
2393.701500, 100.558147
2394.665924, 100.639539
2395.630349, 100.222506
2396.594773, 100.124848
2397.559198, 100.386519
2398.523622, 100.458584
2399.488047, 100.537158
2400.452471, 100.333126
2401.416895, 100.005405
2402.381320, 99.812456
2403.345744, 99.938616
2404.310169, 100.068442
2405.274593, 100.251200
2406.239018, 100.463545
2407.203442, 100.478815
2408.167867, 100.621292
2409.132291, 100.742788
2410.096716, 100.644187
2411.061140, 100.649079
2412.025564, 100.541218
2412.989989, 100.222111
2413.954413, 100.006304
2414.918838, 100.236352
2415.883262, 100.241332
2416.847687, 99.688817
2417.812111, 99.449620
2418.776536, 99.955261
2419.740960, 100.371946
2420.705385, 100.188134
2421.669809, 99.905494
2422.634233, 99.830047
2423.598658, 99.863579
2424.563082, 100.036644
2425.527507, 100.266744
2426.491931, 99.929536
2427.456356, 99.613782
2428.420780, 99.812240
2429.385205, 100.160515
2430.349629, 100.408193
2431.314054, 100.289602
2432.278478, 99.971391
2433.242902, 99.998524
2434.207327, 100.270971
2435.171751, 100.173323
2436.136176, 99.975220
2437.100600, 100.063618
2438.065025, 99.922507
2439.029449, 99.704393
2439.993874, 99.704237
2440.958298, 99.877264
2441.922723, 99.816404
2442.887147, 99.855543
2443.851572, 100.229967
2444.815996, 100.262380
2445.780420, 100.191079
2446.744845, 100.229431
2447.709269, 100.254042
2448.673694, 99.900071
2449.638118, 99.829518
2450.602543, 100.054904
2451.566967, 99.834962
2452.531392, 99.732126
2453.495816, 99.993608
2454.460241, 100.157771
2455.424665, 100.192372
2456.389089, 100.061148
2457.353514, 99.884966
2458.317938, 99.642483
2459.282363, 99.583791
2460.246787, 99.761375
2461.211212, 99.680672
2462.175636, 99.903354
2463.140061, 99.981669
2464.104485, 99.505390
2465.068910, 99.624495
2466.033334, 99.584305
2466.997758, 99.700552
2467.962183, 99.994473
2468.926607, 100.275076
2469.891032, 100.225972
2470.855456, 99.967911
2471.819881, 99.862964
2472.784305, 100.029349
2473.748730, 100.021230
2474.713154, 100.114357
2475.677579, 100.131905
2476.642003, 99.956404
2477.606427, 99.886857
2478.570852, 99.893438
2479.535276, 99.970021
2480.499701, 99.986530
2481.464125, 99.990840
2482.428550, 100.055684
2483.392974, 100.034234
2484.357399, 100.196875
2485.321823, 100.497803
2486.286248, 100.528519
2487.250672, 100.264318
2488.215096, 100.034309
2489.179521, 100.041209
2490.143945, 100.013804
2491.108370, 100.165494
2492.072794, 99.945485
2493.037219, 99.789999
2494.001643, 99.966974
2494.966068, 100.023581
2495.930492, 100.058915
2496.894917, 99.815136
2497.859341, 99.656096
2498.823765, 100.235811
2499.788190, 100.337278
2500.752614, 100.075902
2501.717039, 100.039197
2502.681463, 99.778120
2503.645888, 99.646720
2504.610312, 99.772649
2505.574737, 100.023385
2506.539161, 100.038640
2507.503586, 99.728377
2508.468010, 99.969859
2509.432435, 100.263464
2510.396859, 100.037375
2511.361283, 100.076118
2512.325708, 100.173399
2513.290132, 100.208373
2514.254557, 100.187923
2515.218981, 100.115023
2516.183406, 100.233592
2517.147830, 100.576709
2518.112255, 100.535004
2519.076679, 100.403302
2520.041104, 100.594136
2521.005528, 100.687201
2521.969952, 100.531195
2522.934377, 100.312586
2523.898801, 100.517324
2524.863226, 100.221585
2525.827650, 99.828231
2526.792075, 99.717022
2527.756499, 100.031102
2528.720924, 100.158025
2529.685348, 100.236306
2530.649773, 100.106566
2531.614197, 99.993627
2532.578621, 100.166110
2533.543046, 100.272398
2534.507470, 100.520433
2535.471895, 100.605398
2536.436319, 100.300047
2537.400744, 99.881796
2538.365168, 99.751395
2539.329593, 100.016047
2540.294017, 100.168704
2541.258442, 100.002920
2542.222866, 100.033637
2543.187290, 100.042537
2544.151715, 99.870816
2545.116139, 99.720035
2546.080564, 99.883948
2547.044988, 100.409934
2548.009413, 100.703240
2548.973837, 100.556918
2549.938262, 100.525290
2550.902686, 100.013409
2551.867111, 99.949055
2552.831535, 100.226702
2553.795959, 100.160263
2554.760384, 100.039563
2555.724808, 99.950647
2556.689233, 99.977134
2557.653657, 99.864986
2558.618082, 99.996613
2559.582506, 100.097231
2560.546931, 100.090081
2561.511355, 99.976014
2562.475780, 99.684950
2563.440204, 99.759828
2564.404629, 100.133640
2565.369053, 100.111917
2566.333477, 99.949302
2567.297902, 99.820430
2568.262326, 99.735945
2569.226751, 100.041064
2570.191175, 100.126929
2571.155600, 100.232706
2572.120024, 100.202786
2573.084449, 100.096890
2574.048873, 100.147178
2575.013298, 100.618069
2575.977722, 100.657772
2576.942146, 100.391891
2577.906571, 100.031508
2578.870995, 99.781600
2579.835420, 100.016908
2580.799844, 99.969242
2581.764269, 99.713011
2582.728693, 99.760591
2583.693118, 100.083397
2584.657542, 100.230878
2585.621967, 100.099702
2586.586391, 99.980210
2587.550815, 99.808880
2588.515240, 99.472756
2589.479664, 99.556797
2590.444089, 99.920106
2591.408513, 99.959936
2592.372938, 99.952385
2593.337362, 99.937889
2594.301787, 100.111319
2595.266211, 100.092390
2596.230636, 100.064359
2597.195060, 100.050142
2598.159484, 99.862168
2599.123909, 99.658683
2600.088333, 99.782868
2601.052758, 100.119891
2602.017182, 100.372221
2602.981607, 100.179935
2603.946031, 100.152285
2604.910456, 100.379440
2605.874880, 100.226537
2606.839305, 100.190314
2607.803729, 100.140864
2608.768153, 99.846135
2609.732578, 99.798939
2610.697002, 100.079237
2611.661427, 100.121094
2612.625851, 99.990406
2613.590276, 100.169511
2614.554700, 100.399523
2615.519125, 100.376551
2616.483549, 100.250432
2617.447974, 99.966708
2618.412398, 99.900090
2619.376822, 100.058022
2620.341247, 99.880910
2621.305671, 99.655542
2622.270096, 99.823832
2623.234520, 100.140798
2624.198945, 100.177130
2625.163369, 100.150832
2626.127794, 99.934536
2627.092218, 99.920333
2628.056643, 100.069946
2629.021067, 99.999017
2629.985492, 100.171585
2630.949916, 100.309197
2631.914340, 100.236030
2632.878765, 100.129663
2633.843189, 100.065396
2634.807614, 100.019840
2635.772038, 100.097978
2636.736463, 100.187234
2637.700887, 99.959852
2638.665312, 99.951112
2639.629736, 100.066444
2640.594161, 100.118665
2641.558585, 99.962842
2642.523009, 99.909727
2643.487434, 99.949246
2644.451858, 100.048123
2645.416283, 100.105502
2646.380707, 100.133362
2647.345132, 100.255365
2648.309556, 100.112767
2649.273981, 100.007260
2650.238405, 100.160448
2651.202830, 100.170700
2652.167254, 100.037973
2653.131678, 100.031550
2654.096103, 100.059969
2655.060527, 100.074212
2656.024952, 100.005907
2656.989376, 99.931795
2657.953801, 99.869660
2658.918225, 99.910399
2659.882650, 99.922314
2660.847074, 100.091126
2661.811499, 100.199992
2662.775923, 100.197984
2663.740347, 100.259371
2664.704772, 100.255532
2665.669196, 100.240831
2666.633621, 100.305069
2667.598045, 100.221207
2668.562470, 100.101121
2669.526894, 100.066983
2670.491319, 99.990103
2671.455743, 99.910630
2672.420168, 99.935336
2673.384592, 99.979206
2674.349016, 100.066260
2675.313441, 100.107530
2676.277865, 100.077723
2677.242290, 100.134011
2678.206714, 100.080617
2679.171139, 100.085502
2680.135563, 100.146036
2681.099988, 100.115444
2682.064412, 100.235550
2683.028837, 100.092559
2683.993261, 100.013380
2684.957686, 99.942597
2685.922110, 99.944775
2686.886534, 100.040245
2687.850959, 100.166323
2688.815383, 100.099835
2689.779808, 100.036288
2690.744232, 100.103317
2691.708657, 100.086806
2692.673081, 99.982732
2693.637506, 99.958951
2694.601930, 100.062408
2695.566355, 100.149027
2696.530779, 100.156766
2697.495203, 99.935079
2698.459628, 99.850813
2699.424052, 100.021189
2700.388477, 100.064877
2701.352901, 100.053113
2702.317326, 100.109736
2703.281750, 100.033439
2704.246175, 100.129243
2705.210599, 100.040504
2706.175024, 99.848370
2707.139448, 99.843354
2708.103872, 99.918906
2709.068297, 99.894153
2710.032721, 99.800024
2710.997146, 99.882667
2711.961570, 99.955764
2712.925995, 100.046566
2713.890419, 100.060495
2714.854844, 99.979691
2715.819268, 99.986381
2716.783693, 99.998064
2717.748117, 99.873754
2718.712541, 99.858540
2719.676966, 100.018129
2720.641390, 100.042566
2721.605815, 99.924347
2722.570239, 99.938979
2723.534664, 100.097558
2724.499088, 100.106600
2725.463513, 99.919982
2726.427937, 99.981016
2727.392362, 100.053868
2728.356786, 100.038490
2729.321210, 100.117409
2730.285635, 100.196396
2731.250059, 100.147927
2732.214484, 100.037025
2733.178908, 99.875877
2734.143333, 99.858562
2735.107757, 99.834145
2736.072182, 99.998328
2737.036606, 100.045692
2738.001031, 99.883571
2738.965455, 99.815251
2739.929879, 99.719975
2740.894304, 99.684947
2741.858728, 99.740848
2742.823153, 99.780510
2743.787577, 99.865919
2744.752002, 100.010736
2745.716426, 100.026911
2746.680851, 99.899342
2747.645275, 99.983069
2748.609700, 100.156307
2749.574124, 100.029021
2750.538549, 99.953690
2751.502973, 99.973478
2752.467397, 99.909469
2753.431822, 99.825003
2754.396246, 99.757266
2755.360671, 99.727073
2756.325095, 99.791294
2757.289520, 99.826143
2758.253944, 99.812844
2759.218369, 99.937684
2760.182793, 100.003948
2761.147218, 99.939074
2762.111642, 99.823773
2763.076066, 99.688653
2764.040491, 99.636985
2765.004915, 99.682534
2765.969340, 99.664765
2766.933764, 99.466917
2767.898189, 99.326222
2768.862613, 99.112745
2769.827038, 98.847489
2770.791462, 98.850846
2771.755887, 98.657435
2772.720311, 98.486885
2773.684735, 98.503602
2774.649160, 98.374224
2775.613584, 97.992197
2776.578009, 97.804596
2777.542433, 97.596930
2778.506858, 97.097392
2779.471282, 96.778249
2780.435707, 96.937304
2781.400131, 97.248032
2782.364556, 97.657732
2783.328980, 98.024704
2784.293404, 97.943431
2785.257829, 97.769798
2786.222253, 97.833912
2787.186678, 97.774371
2788.151102, 97.598977
2789.115527, 97.607785
2790.079951, 97.483183
2791.044376, 97.387700
2792.008800, 97.554179
2792.973225, 97.941290
2793.937649, 98.229423
2794.902073, 98.358917
2795.866498, 98.273216
2796.830922, 98.159745
2797.795347, 98.057623
2798.759771, 98.065352
2799.724196, 98.328445
2800.688620, 98.513147
2801.653045, 98.505329
2802.617469, 98.525133
2803.581894, 98.420334
2804.546318, 98.516255
2805.510743, 98.758058
2806.475167, 98.988283
2807.439591, 98.950940
2808.404016, 98.784904
2809.368440, 98.901588
2810.332865, 98.810052
2811.297289, 98.681203
2812.261714, 98.767049
2813.226138, 98.771091
2814.190563, 98.582816
2815.154987, 98.252185
2816.119412, 98.052421
2817.083836, 97.872284
2818.048260, 97.863440
2819.012685, 97.682449
2819.977109, 97.420431
2820.941534, 97.286806
2821.905958, 97.130006
2822.870383, 96.878938
2823.834807, 96.542346
2824.799232, 96.069580
2825.763656, 95.705704
2826.728081, 95.520090
2827.692505, 95.087652
2828.656929, 94.829921
2829.621354, 94.914983
2830.585778, 95.277011
2831.550203, 95.718513
2832.514627, 96.031664
2833.479052, 96.255169
2834.443476, 96.409549
2835.407901, 96.229676
2836.372325, 95.886952
2837.336750, 95.635714
2838.301174, 95.590888
2839.265598, 95.410771
2840.230023, 94.919474
2841.194447, 94.396813
2842.158872, 93.818695
2843.123296, 93.209277
2844.087721, 92.413362
2845.052145, 91.400239
2846.016570, 90.495323
2846.980994, 89.437887
2847.945419, 88.322916
2848.909843, 87.309421
2849.874267, 86.558137
2850.838692, 86.136011
2851.803116, 85.882849
2852.767541, 85.775128
2853.731965, 85.805912
2854.696390, 85.881105
2855.660814, 86.248847
2856.625239, 86.864775
2857.589663, 87.496141
2858.554088, 87.864021
2859.518512, 88.084383
2860.482936, 88.421286
2861.447361, 88.867439
2862.411785, 89.272504
2863.376210, 89.539335
2864.340634, 89.900703
2865.305059, 90.213868
2866.269483, 90.447018
2867.233908, 90.835258
2868.198332, 91.103241
2869.162757, 91.241005
2870.127181, 91.442815
2871.091606, 91.532695
2872.056030, 91.541299
2873.020454, 91.789919
2873.984879, 91.986507
2874.949303, 92.078021
2875.913728, 92.265211
2876.878152, 92.310815
2877.842577, 92.538251
2878.807001, 92.807944
2879.771426, 92.766079
2880.735850, 92.842921
2881.700275, 92.990329
2882.664699, 92.722734
2883.629123, 92.444943
2884.593548, 92.383145
2885.557972, 92.547609
2886.522397, 92.504197
2887.486821, 92.211068
2888.451246, 91.818781
2889.415670, 91.566468
2890.380095, 91.582446
2891.344519, 91.453147
2892.308944, 91.337233
2893.273368, 90.938123
2894.237792, 90.453443
2895.202217, 90.313243
2896.166641, 90.374687
2897.131066, 90.140364
2898.095490, 89.857721
2899.059915, 89.489529
2900.024339, 89.257858
2900.988764, 89.252426
2901.953188, 89.269339
2902.917613, 89.137078
2903.882037, 88.697234
2904.846461, 88.511718
2905.810886, 88.430689
2906.775310, 88.070940
2907.739735, 87.603173
2908.704159, 87.299211
2909.668584, 86.917148
2910.633008, 86.381702
2911.597433, 85.807917
2912.561857, 85.124628
2913.526282, 84.523473
2914.490706, 83.831377
2915.455130, 83.081048
2916.419555, 82.535561
2917.383979, 82.038340
2918.348404, 81.465602
2919.312828, 81.009789
2920.277253, 80.763081
2921.241677, 80.452386
2922.206102, 80.395436
2923.170526, 80.597583
2924.134951, 80.674154
2925.099375, 80.829231
2926.063800, 81.419664
2927.028224, 81.997086
2927.992648, 82.583006
2928.957073, 83.388510
2929.921497, 84.188869
2930.885922, 85.061417
2931.850346, 85.707115
2932.814771, 86.248832
2933.779195, 86.863109
2934.743620, 87.446433
2935.708044, 88.147205
2936.672469, 88.725901
2937.636893, 89.318111
2938.601317, 89.776304
2939.565742, 90.049172
2940.530166, 90.483904
2941.494591, 91.205089
2942.459015, 91.723076
2943.423440, 92.012712
2944.387864, 92.082623
2945.352289, 92.020924
2946.316713, 92.196295
2947.281138, 92.486500
2948.245562, 92.477550
2949.209986, 92.314764
2950.174411, 92.132358
2951.138835, 91.723624
2952.103260, 91.399986
2953.067684, 91.134361
2954.032109, 90.773191
2954.996533, 90.309906
2955.960958, 89.959821
2956.925382, 90.041710
2957.889807, 90.091217
2958.854231, 89.939528
2959.818655, 89.831011
2960.783080, 89.645766
2961.747504, 89.577428
2962.711929, 89.763575
2963.676353, 89.928986
2964.640778, 90.493252
2965.605202, 91.182861
2966.569627, 91.976580
2967.534051, 92.711483
2968.498476, 93.351553
2969.462900, 94.058125
2970.427324, 94.784816
2971.391749, 95.142399
2972.356173, 95.735927
2973.320598, 96.368956
2974.285022, 96.653729
2975.249447, 96.863812
2976.213871, 97.049515
2977.178296, 97.192183
2978.142720, 97.461439
2979.107145, 97.645176
2980.071569, 97.708514
2981.035993, 97.746805
2982.000418, 97.605450
2982.964842, 97.754762
2983.929267, 97.629443
2984.893691, 97.252425
2985.858116, 97.251158
2986.822540, 97.286408
2987.786965, 97.263737
2988.751389, 97.613636
2989.715814, 97.931565
2990.680238, 98.021489
2991.644663, 98.267948
2992.609087, 98.637530
2993.573511, 98.703702
2994.537936, 98.804956
2995.502360, 98.941957
2996.466785, 98.850287
2997.431209, 98.671764
2998.395634, 98.756317
2999.360058, 98.859295
3000.324483, 99.017977
3001.288907, 98.904352
3002.253332, 98.639940
3003.217756, 98.791118
3004.182180, 98.738331
3005.146605, 98.767316
3006.111029, 99.043846
3007.075454, 99.368130
3008.039878, 99.383065
3009.004303, 99.411831
3009.968727, 99.543335
3010.933152, 99.867255
3011.897576, 99.991379
3012.862001, 100.058827
3013.826425, 100.028281
3014.790849, 99.776146
3015.755274, 99.915606
3016.719698, 100.075066
3017.684123, 100.295690
3018.648547, 100.178577
3019.612972, 99.946224
3020.577396, 99.915957
3021.541821, 99.877623
3022.506245, 99.851781
3023.470670, 99.913296
3024.435094, 99.893956
3025.399518, 99.864336
3026.363943, 99.978715
3027.328367, 100.015103
3028.292792, 99.999974
3029.257216, 100.063457
3030.221641, 100.043445
3031.186065, 99.791667
3032.150490, 99.757438
3033.114914, 99.999130
3034.079339, 100.229268
3035.043763, 100.088461
3036.008187, 100.015709
3036.972612, 100.021199
3037.937036, 99.972231
3038.901461, 100.284491
3039.865885, 100.437636
3040.830310, 100.254503
3041.794734, 100.384758
3042.759159, 100.623236
3043.723583, 100.781149
3044.688008, 100.580220
3045.652432, 100.307485
3046.616857, 100.121417
3047.581281, 99.917763
3048.545705, 99.878810
3049.510130, 99.892820
3050.474554, 99.951172
3051.438979, 99.905076
3052.403403, 99.952057
3053.367828, 100.001209
3054.332252, 100.101494
3055.296677, 100.034357
3056.261101, 100.014463
3057.225526, 99.803793
3058.189950, 99.898149
3059.154374, 99.959473
3060.118799, 99.697726
3061.083223, 99.728728
3062.047648, 100.071958
3063.012072, 99.981918
3063.976497, 99.735167
3064.940921, 99.697176
3065.905346, 99.941022
3066.869770, 99.888138
3067.834195, 99.985975
3068.798619, 100.142650
3069.763043, 100.174443
3070.727468, 100.355681
3071.691892, 100.256850
3072.656317, 100.071911
3073.620741, 100.048388
3074.585166, 99.966326
3075.549590, 100.100315
3076.514015, 100.515052
3077.478439, 100.422719
3078.442864, 100.449149
3079.407288, 100.396909
3080.371712, 100.383419
3081.336137, 100.366890
3082.300561, 100.274114
3083.264986, 100.162060
3084.229410, 100.311369
3085.193835, 100.381661
3086.158259, 100.491680
3087.122684, 100.481868
3088.087108, 100.254829
3089.051533, 100.269951
3090.015957, 100.295673
3090.980381, 100.418305
3091.944806, 100.463428
3092.909230, 100.398062
3093.873655, 100.332365
3094.838079, 100.335014
3095.802504, 100.387568
3096.766928, 100.342150
3097.731353, 100.166804
3098.695777, 100.208213
3099.660202, 100.390005
3100.624626, 100.399172
3101.589050, 100.089656
3102.553475, 100.060101
3103.517899, 100.142137
3104.482324, 100.146249
3105.446748, 100.186113
3106.411173, 100.116657
3107.375597, 100.174305
3108.340022, 100.187651
3109.304446, 100.299875
3110.268871, 100.424604
3111.233295, 100.298101
3112.197720, 100.195202
3113.162144, 100.399914
3114.126568, 100.617841
3115.090993, 100.350697
3116.055417, 100.151335
3117.019842, 100.472750
3117.984266, 100.461475
3118.948691, 100.159576
3119.913115, 100.146414
3120.877540, 100.280355
3121.841964, 100.287504
3122.806389, 100.286255
3123.770813, 100.265447
3124.735237, 100.331628
3125.699662, 100.286088
3126.664086, 100.175708
3127.628511, 100.201350
3128.592935, 100.295985
3129.557360, 100.455936
3130.521784, 100.390074
3131.486209, 100.210062
3132.450633, 100.213982
3133.415058, 99.851335
3134.379482, 99.871206
3135.343906, 99.999211
3136.308331, 100.043796
3137.272755, 100.186925
3138.237180, 100.215282
3139.201604, 100.294891
3140.166029, 100.151269
3141.130453, 100.022138
3142.094878, 99.816052
3143.059302, 99.953983
3144.023727, 100.306901
3144.988151, 100.227084
3145.952575, 100.118269
3146.917000, 100.207837
3147.881424, 100.207358
3148.845849, 99.865962
3149.810273, 99.688140
3150.774698, 99.957476
3151.739122, 100.213233
3152.703547, 100.461779
3153.667971, 100.329745
3154.632396, 99.996848
3155.596820, 99.816725
3156.561244, 99.875051
3157.525669, 100.079353
3158.490093, 100.151078
3159.454518, 99.917992
3160.418942, 99.909453
3161.383367, 99.993296
3162.347791, 100.125684
3163.312216, 100.072037
3164.276640, 99.907291
3165.241065, 99.981621
3166.205489, 100.075980
3167.169914, 100.038876
3168.134338, 100.226049
3169.098762, 100.059941
3170.063187, 99.718209
3171.027611, 99.596678
3171.992036, 99.766841
3172.956460, 99.828870
3173.920885, 99.683777
3174.885309, 99.805663
3175.849734, 100.021427
3176.814158, 100.117731
3177.778583, 100.151939
3178.743007, 99.973985
3179.707431, 99.825099
3180.671856, 99.889087
3181.636280, 99.984004
3182.600705, 100.003065
3183.565129, 100.078459
3184.529554, 99.890496
3185.493978, 99.858046
3186.458403, 99.718182
3187.422827, 99.514561
3188.387252, 99.934133
3189.351676, 100.105881
3190.316100, 99.610830
3191.280525, 99.475620
3192.244949, 99.483283
3193.209374, 99.568142
3194.173798, 99.886626
3195.138223, 99.998168
3196.102647, 99.801055
3197.067072, 99.642990
3198.031496, 99.746528
3198.995921, 99.756636
3199.960345, 99.651793
3200.924769, 99.625162
3201.889194, 99.754417
3202.853618, 100.019061
3203.818043, 100.252065
3204.782467, 100.151413
3205.746892, 99.854964
3206.711316, 99.639924
3207.675741, 99.614691
3208.640165, 99.888219
3209.604590, 100.249738
3210.569014, 100.316431
3211.533438, 100.244764
3212.497863, 100.171182
3213.462287, 99.936306
3214.426712, 99.775955
3215.391136, 99.739429
3216.355561, 99.948771
3217.319985, 100.061172
3218.284410, 99.938574
3219.248834, 99.743369
3220.213259, 99.910473
3221.177683, 100.200422
3222.142107, 100.128995
3223.106532, 99.907134
3224.070956, 99.704733
3225.035381, 99.739515
3225.999805, 99.999632
3226.964230, 99.860614
3227.928654, 99.523371
3228.893079, 99.674025
3229.857503, 99.755019
3230.821928, 99.732129
3231.786352, 99.854963
3232.750777, 99.825637
3233.715201, 99.823148
3234.679625, 99.543877
3235.644050, 99.377171
3236.608474, 99.561987
3237.572899, 99.577301
3238.537323, 99.427104
3239.501748, 99.527403
3240.466172, 99.607143
3241.430597, 99.758922
3242.395021, 99.846798
3243.359446, 99.829684
3244.323870, 99.994978
3245.288294, 99.929442
3246.252719, 99.659726
3247.217143, 99.645114
3248.181568, 99.745087
3249.145992, 99.728747
3250.110417, 99.714332
3251.074841, 99.901401
3252.039266, 99.845857
3253.003690, 99.692620
3253.968115, 99.599104
3254.932539, 99.865860
3255.896963, 100.113728
3256.861388, 99.823829
3257.825812, 99.688949
3258.790237, 99.719763
3259.754661, 99.777884
3260.719086, 100.050303
3261.683510, 100.143735
3262.647935, 100.051034
3263.612359, 99.835604
3264.576784, 99.695606
3265.541208, 99.808324
3266.505632, 99.794435
3267.470057, 99.551909
3268.434481, 99.703003
3269.398906, 99.709710
3270.363330, 99.602502
3271.327755, 99.941098
3272.292179, 100.123830
3273.256604, 99.978364
3274.221028, 99.702601
3275.185453, 99.777670
3276.149877, 99.949916
3277.114301, 99.935568
3278.078726, 100.020170
3279.043150, 99.892294
3280.007575, 99.868559
3280.971999, 99.879646
3281.936424, 100.037905
3282.900848, 99.933464
3283.865273, 99.694989
3284.829697, 99.847962
3285.794122, 99.798851
3286.758546, 99.875686
3287.722971, 100.024520
3288.687395, 99.500469
3289.651819, 99.267817
3290.616244, 99.508208
3291.580668, 99.751880
3292.545093, 100.175748
3293.509517, 100.198338
3294.473942, 99.903033
3295.438366, 100.058666
3296.402791, 100.048769
3297.367215, 99.888424
3298.331640, 99.789055
3299.296064, 99.741270
3300.260488, 99.732292
3301.224913, 100.050122
3302.189337, 99.915691
3303.153762, 99.704439
3304.118186, 99.709082
3305.082611, 99.850621
3306.047035, 100.186653
3307.011460, 100.053942
3307.975884, 99.929416
3308.940309, 100.122198
3309.904733, 99.984238
3310.869157, 99.727708
3311.833582, 99.804744
3312.798006, 99.589478
3313.762431, 99.494674
3314.726855, 99.662510
3315.691280, 100.016241
3316.655704, 100.097257
3317.620129, 100.021940
3318.584553, 100.333592
3319.548978, 100.446782
3320.513402, 100.221476
3321.477826, 99.789626
3322.442251, 99.579569
3323.406675, 99.594212
3324.371100, 99.704822
3325.335524, 99.943622
3326.299949, 100.129229
3327.264373, 99.902321
3328.228798, 100.154026
3329.193222, 100.237140
3330.157647, 100.212619
3331.122071, 100.217611
3332.086495, 100.144204
3333.050920, 100.198080
3334.015344, 100.112219
3334.979769, 100.084589
3335.944193, 100.273349
3336.908618, 100.462542
3337.873042, 100.297277
3338.837467, 100.253253
3339.801891, 100.178224
3340.766316, 100.106318
3341.730740, 100.397214
3342.695164, 100.201499
3343.659589, 99.946523
3344.624013, 99.967203
3345.588438, 100.108610
3346.552862, 100.315491
3347.517287, 100.274209
3348.481711, 99.971705
3349.446136, 99.821898
3350.410560, 100.001750
3351.374985, 100.036236
3352.339409, 99.829409
3353.303834, 99.802563
3354.268258, 99.992136
3355.232682, 100.253847
3356.197107, 100.324607
3357.161531, 100.207330
3358.125956, 100.182378
3359.090380, 100.093246
3360.054805, 100.069528
3361.019229, 100.173253
3361.983654, 99.924998
3362.948078, 99.747576
3363.912503, 99.703078
3364.876927, 99.815166
3365.841351, 100.170384
3366.805776, 100.303915
3367.770200, 100.003954
3368.734625, 99.654916
3369.699049, 99.972234
3370.663474, 100.097658
3371.627898, 99.752971
3372.592323, 99.659544
3373.556747, 99.881500
3374.521172, 99.966092
3375.485596, 99.678879
3376.450020, 99.508196
3377.414445, 99.701293
3378.378869, 99.935233
3379.343294, 99.876441
3380.307718, 99.799834
3381.272143, 99.732088
3382.236567, 99.729883
3383.200992, 99.896911
3384.165416, 99.894760
3385.129841, 99.876799
3386.094265, 99.762079
3387.058689, 99.611849
3388.023114, 99.762629
3388.987538, 99.790839
3389.951963, 99.620677
3390.916387, 99.687186
3391.880812, 99.813658
3392.845236, 99.872776
3393.809661, 99.831030
3394.774085, 99.857911
3395.738510, 99.986014
3396.702934, 100.069406
3397.667358, 99.990410
3398.631783, 100.232597
3399.596207, 100.186551
3400.560632, 100.047883
3401.525056, 100.183709
3402.489481, 100.289465
3403.453905, 99.815261
3404.418330, 99.627714
3405.382754, 99.716079
3406.347179, 99.708375
3407.311603, 99.902071
3408.276028, 100.133559
3409.240452, 100.150892
3410.204876, 100.157384
3411.169301, 100.031637
3412.133725, 99.974884
3413.098150, 99.904758
3414.062574, 99.985174
3415.026999, 100.024593
3415.991423, 100.046362
3416.955848, 100.181141
3417.920272, 100.038734
3418.884697, 99.920215
3419.849121, 99.918796
3420.813545, 99.937229
3421.777970, 99.883490
3422.742394, 99.789818
3423.706819, 99.827398
3424.671243, 99.801875
3425.635668, 99.910264
3426.600092, 99.827530
3427.564517, 99.442082
3428.528941, 99.396035
3429.493366, 99.688422
3430.457790, 99.952441
3431.422214, 99.883716
3432.386639, 99.771517
3433.351063, 99.922098
3434.315488, 100.090053
3435.279912, 99.938557
3436.244337, 99.888876
3437.208761, 100.018842
3438.173186, 100.065163
3439.137610, 100.240361
3440.102035, 100.041625
3441.066459, 99.985322
3442.030883, 99.943814
3442.995308, 99.849082
3443.959732, 100.154231
3444.924157, 99.936837
3445.888581, 99.932196
3446.853006, 100.179429
3447.817430, 100.086559
3448.781855, 99.940942
3449.746279, 99.892802
3450.710704, 99.962804
3451.675128, 100.122901
3452.639552, 100.043391
3453.603977, 100.081244
3454.568401, 99.912318
3455.532826, 100.003832
3456.497250, 100.014571
3457.461675, 99.747182
3458.426099, 99.635904
3459.390524, 99.579912
3460.354948, 99.663666
3461.319373, 99.938086
3462.283797, 100.082467
3463.248221, 99.703448
3464.212646, 99.631253
3465.177070, 99.767921
3466.141495, 99.797000
3467.105919, 99.587764
3468.070344, 99.450242
3469.034768, 99.514012
3469.999193, 99.623271
3470.963617, 99.821537
3471.928042, 99.860521
3472.892466, 99.657830
3473.856891, 99.825218
3474.821315, 99.488585
3475.785739, 99.264177
3476.750164, 99.749854
3477.714588, 100.076995
3478.679013, 100.291487
3479.643437, 100.320833
3480.607862, 100.192627
3481.572286, 100.084268
3482.536711, 99.512102
3483.501135, 99.359783
3484.465560, 99.661757
3485.429984, 99.893142
3486.394408, 100.100852
3487.358833, 100.205261
3488.323257, 99.730157
3489.287682, 99.730657
3490.252106, 99.801091
3491.216531, 99.498647
3492.180955, 99.743008
3493.145380, 100.105137
3494.109804, 100.296441
3495.074229, 100.022442
3496.038653, 99.840977
3497.003077, 99.915203
3497.967502, 99.820186
3498.931926, 99.687767
3499.896351, 99.713592
3500.860775, 100.104978
3501.825200, 100.440986
3502.789624, 100.203468
3503.754049, 99.736166
3504.718473, 99.635610
3505.682898, 99.790737
3506.647322, 100.044471
3507.611746, 100.204926
3508.576171, 100.221644
3509.540595, 99.939308
3510.505020, 99.747794
3511.469444, 99.901039
3512.433869, 100.067474
3513.398293, 100.191655
3514.362718, 100.130018
3515.327142, 99.909736
3516.291567, 99.613042
3517.255991, 99.453493
3518.220415, 99.664372
3519.184840, 100.133558
3520.149264, 100.186417
3521.113689, 100.166270
3522.078113, 100.374736
3523.042538, 100.267614
3524.006962, 100.061167
3524.971387, 99.787815
3525.935811, 99.535109
3526.900236, 99.727966
3527.864660, 99.584252
3528.829085, 99.488899
3529.793509, 99.421160
3530.757933, 99.602373
3531.722358, 99.557208
3532.686782, 99.758141
3533.651207, 99.997528
3534.615631, 100.108693
3535.580056, 100.037489
3536.544480, 99.964798
3537.508905, 99.977019
3538.473329, 99.965137
3539.437754, 99.660460
3540.402178, 99.594439
3541.366602, 99.693868
3542.331027, 99.839203
3543.295451, 99.775948
3544.259876, 99.624373
3545.224300, 99.578765
3546.188725, 99.894502
3547.153149, 100.148867
3548.117574, 99.870922
3549.081998, 99.880131
3550.046423, 99.808199
3551.010847, 99.778113
3551.975271, 99.770944
3552.939696, 99.747861
3553.904120, 99.837932
3554.868545, 99.766229
3555.832969, 99.772497
3556.797394, 99.752046
3557.761818, 99.986243
3558.726243, 100.055625
3559.690667, 100.090597
3560.655092, 99.534619
3561.619516, 99.275011
3562.583940, 99.583113
3563.548365, 100.025786
3564.512789, 100.545719
3565.477214, 100.642875
3566.441638, 99.759701
3567.406063, 99.720870
3568.370487, 99.428262
3569.334912, 99.525306
3570.299336, 99.838923
3571.263761, 99.725199
3572.228185, 99.459430
3573.192609, 99.377413
3574.157034, 99.994515
3575.121458, 100.020043
3576.085883, 99.911146
3577.050307, 99.500702
3578.014732, 99.443548
3578.979156, 100.039680
3579.943581, 100.014313
3580.908005, 99.586172
3581.872430, 99.558999
3582.836854, 99.358430
3583.801278, 99.544804
3584.765703, 100.259068
3585.730127, 101.308662
3586.694552, 100.579079
3587.658976, 99.813980
3588.623401, 99.924633
3589.587825, 99.241994
3590.552250, 99.462098
3591.516674, 99.886105
3592.481099, 100.408678
3593.445523, 100.157298
3594.409948, 100.174359
3595.374372, 99.684267
3596.338796, 99.067816
3597.303221, 99.727946
3598.267645, 99.958089
3599.232070, 99.317477
3600.196494, 99.774953
3601.160919, 99.912193
3602.125343, 99.893585
3603.089768, 99.730047
3604.054192, 99.955937
3605.018617, 100.089015
3605.983041, 100.455061
3606.947465, 100.154945
3607.911890, 99.600110
3608.876314, 100.012797
3609.840739, 99.016236
3610.805163, 99.441660
3611.769588, 100.600714
3612.734012, 100.071704
3613.698437, 99.226943
3614.662861, 99.413197
3615.627286, 99.442412
3616.591710, 100.547878
3617.556134, 100.859313
3618.520559, 100.736248
3619.484983, 100.748678
3620.449408, 99.384589
3621.413832, 98.963716
3622.378257, 99.466080
3623.342681, 100.045517
3624.307106, 100.045934
3625.271530, 100.268860
3626.235955, 99.751304
3627.200379, 100.790716
3628.164803, 101.818496
3629.129228, 100.023068
3630.093652, 98.425504
3631.058077, 98.778264
3632.022501, 99.684713
3632.986926, 100.303119
3633.951350, 99.667790
3634.915775, 99.854622
3635.880199, 99.931555
3636.844624, 99.718779
3637.809048, 99.796085
3638.773472, 99.579892
3639.737897, 99.481894
3640.702321, 99.595619
3641.666746, 99.874839
3642.631170, 100.114424
3643.595595, 100.051834
3644.560019, 100.084824
3645.524444, 100.404077
3646.488868, 101.386034
3647.453293, 100.252851
3648.417717, 100.626093
3649.382142, 100.858237
3650.346566, 99.966448
3651.310990, 99.615653
3652.275415, 99.407045
3653.239839, 99.793916
3654.204264, 99.872170
3655.168688, 100.313923
3656.133113, 100.120828
3657.097537, 99.431371
3658.061962, 100.064305
3659.026386, 100.245906
3659.990811, 100.028066
3660.955235, 99.872180
3661.919659, 99.989706
3662.884084, 100.067813
3663.848508, 100.276150
3664.812933, 100.195657
3665.777357, 99.891920
3666.741782, 100.096189
3667.706206, 100.616763
3668.670631, 100.782113
3669.635055, 100.815248
3670.599480, 99.967688
3671.563904, 98.501721
3672.528328, 99.853858
3673.492753, 100.990946
3674.457177, 102.486285
3675.421602, 100.421704
3676.386026, 98.159179
3677.350451, 99.400660
3678.314875, 100.269385
3679.279300, 100.347910
3680.243724, 99.677022
3681.208149, 99.604809
3682.172573, 99.444702
3683.136997, 99.533183
3684.101422, 99.854419
3685.065846, 100.017186
3686.030271, 100.481182
3686.994695, 101.398000
3687.959120, 101.672767
3688.923544, 99.483483
3689.887969, 100.449361
3690.852393, 100.707291
3691.816818, 99.126055
3692.781242, 99.284093
3693.745666, 99.413371
3694.710091, 99.705806
3695.674515, 100.027672
3696.638940, 99.878287
3697.603364, 100.182512
3698.567789, 100.495671
3699.532213, 100.258120
3700.496638, 101.001259
3701.461062, 100.986266
3702.425487, 99.118765
3703.389911, 99.194829
3704.354335, 99.723731
3705.318760, 99.734525
3706.283184, 99.311187
3707.247609, 99.550575
3708.212033, 100.472903
3709.176458, 100.316963
3710.140882, 99.779586
3711.105307, 101.568716
3712.069731, 100.656820
3713.034156, 98.388304
3713.998580, 99.346318
3714.963005, 99.796999
3715.927429, 99.423054
3716.891853, 99.517812
3717.856278, 100.017531
3718.820702, 99.566099
3719.785127, 99.170472
3720.749551, 99.840811
3721.713976, 100.337036
3722.678400, 99.500185
3723.642825, 99.546446
3724.607249, 100.090864
3725.571674, 100.055829
3726.536098, 99.788956
3727.500522, 98.950159
3728.464947, 99.474929
3729.429371, 99.899872
3730.393796, 100.366372
3731.358220, 101.001261
3732.322645, 100.024238
3733.287069, 100.127489
3734.251494, 101.563945
3735.215918, 99.972466
3736.180343, 98.993324
3737.144767, 98.370836
3738.109191, 98.920795
3739.073616, 99.165857
3740.038040, 100.132158
3741.002465, 100.125204
3741.966889, 99.467747
3742.931314, 101.097214
3743.895738, 102.985539
3744.860163, 98.490536
3745.824587, 98.000772
3746.789012, 99.731229
3747.753436, 100.939746
3748.717860, 102.016971
3749.682285, 100.154165
3750.646709, 100.619129
3751.611134, 101.994685
3752.575558, 98.768603
3753.539983, 98.778804
3754.504407, 99.386448
3755.468832, 99.776456
3756.433256, 99.365716
3757.397681, 98.903678
3758.362105, 99.815548
3759.326529, 100.004489
3760.290954, 98.994011
3761.255378, 99.663266
3762.219803, 100.384052
3763.184227, 100.077539
3764.148652, 100.125718
3765.113076, 100.589226
3766.077501, 99.409853
3767.041925, 99.033827
3768.006350, 99.605951
3768.970774, 100.251132
3769.935199, 99.302439
3770.899623, 98.251454
3771.864047, 99.148039
3772.828472, 99.517975
3773.792896, 99.522706
3774.757321, 99.488842
3775.721745, 99.546137
3776.686170, 99.609714
3777.650594, 100.022836
3778.615019, 100.661444
3779.579443, 99.778337
3780.543868, 98.947325
3781.508292, 99.621847
3782.472716, 99.858635
3783.437141, 100.012717
3784.401565, 100.172293
3785.365990, 99.908894
3786.330414, 99.427908
3787.294839, 99.158153
3788.259263, 99.284049
3789.223688, 99.690803
3790.188112, 99.632362
3791.152537, 99.700155
3792.116961, 99.572016
3793.081385, 99.554297
3794.045810, 99.849058
3795.010234, 100.485413
3795.974659, 100.797426
3796.939083, 99.113957
3797.903508, 98.749650
3798.867932, 99.318449
3799.832357, 100.677845
3800.796781, 101.524365
3801.761206, 98.893495
3802.725630, 98.594064
3803.690054, 99.330902
3804.654479, 99.767808
3805.618903, 101.119074
3806.583328, 101.643024
3807.547752, 98.884760
3808.512177, 98.947918
3809.476601, 99.281773
3810.441026, 99.246436
3811.405450, 99.365908
3812.369875, 99.467129
3813.334299, 99.616204
3814.298723, 99.999625
3815.263148, 100.989761
3816.227572, 99.225375
3817.191997, 98.000278
3818.156421, 99.156694
3819.120846, 99.764257
3820.085270, 101.009683
3821.049695, 100.333415
3822.014119, 99.162540
3822.978544, 99.425134
3823.942968, 99.622494
3824.907392, 99.519846
3825.871817, 99.750932
3826.836241, 99.352194
3827.800666, 98.946403
3828.765090, 99.368980
3829.729515, 99.690769
3830.693939, 100.094022
3831.658364, 99.647004
3832.622788, 99.121787
3833.587213, 99.773808
3834.551637, 100.014785
3835.516062, 99.259273
3836.480486, 99.946075
3837.444910, 100.615057
3838.409335, 98.761288
3839.373759, 99.420316
3840.338184, 99.694888
3841.302608, 99.390312
3842.267033, 99.857156
3843.231457, 100.260301
3844.195882, 99.318250
3845.160306, 99.282391
3846.124731, 99.602131
3847.089155, 99.649764
3848.053579, 99.495098
3849.018004, 99.481008
3849.982428, 99.741030
3850.946853, 100.846167
3851.911277, 100.538013
3852.875702, 100.545823
3853.840126, 100.644885
3854.804551, 96.665296
3855.768975, 98.796082
3856.733400, 99.869296
3857.697824, 99.253863
3858.662248, 99.266807
3859.626673, 99.683198
3860.591097, 99.955643
3861.555522, 99.545591
3862.519946, 99.086494
3863.484371, 100.195701
3864.448795, 100.792432
3865.413220, 99.060121
3866.377644, 98.705178
3867.342069, 99.710158
3868.306493, 100.667147
3869.270917, 101.737497
3870.235342, 99.597185
3871.199766, 99.255110
3872.164191, 100.140993
3873.128615, 101.183856
3874.093040, 100.174454
3875.057464, 98.937963
3876.021889, 99.293534
3876.986313, 99.582091
3877.950738, 99.745969
3878.915162, 100.377602
3879.879586, 101.026114
3880.844011, 99.552183
3881.808435, 99.847521
3882.772860, 100.544897
3883.737284, 100.172578
3884.701709, 100.472329
3885.666133, 100.101400
3886.630558, 98.124337
3887.594982, 98.870118
3888.559407, 99.611061
3889.523831, 100.167777
3890.488256, 100.920793
3891.452680, 99.823664
3892.417104, 99.151951
3893.381529, 99.819955
3894.345953, 99.553721
3895.310378, 99.761993
3896.274802, 99.977867
3897.239227, 100.559790
3898.203651, 101.018136
3899.168076, 100.291837
3900.132500, 99.150973
3901.096925, 100.731240
3902.061349, 100.047801
3903.025773, 100.098501
3903.990198, 99.864995
3904.954622, 98.616134
3905.919047, 99.006484
3906.883471, 98.833966
3907.847896, 99.116637
3908.812320, 99.270128
3909.776745, 99.402945
3910.741169, 99.328820
3911.705594, 99.379789
3912.670018, 99.532950
3913.634442, 99.497836
3914.598867, 99.471794
3915.563291, 99.660610
3916.527716, 99.779714
3917.492140, 99.489418
3918.456565, 99.571130
3919.420989, 100.042779
3920.385414, 99.629963
3921.349838, 99.484407
3922.314263, 99.674295
3923.278687, 99.764739
3924.243111, 99.775884
3925.207536, 99.505498
3926.171960, 99.473948
3927.136385, 99.594949
3928.100809, 99.458663
3929.065234, 99.413752
3930.029658, 99.424970
3930.994083, 99.569807
3931.958507, 99.737906
3932.922932, 99.434855
3933.887356, 99.419343
3934.851780, 99.564703
3935.816205, 99.506790
3936.780629, 99.349728
3937.745054, 99.404065
3938.709478, 99.507646
3939.673903, 99.649679
3940.638327, 99.855852
3941.602752, 100.057603
3942.567176, 99.683341
3943.531601, 99.384660
3944.496025, 99.690183
3945.460449, 99.750983
3946.424874, 99.970717
3947.389298, 99.860437
3948.353723, 99.662975
3949.318147, 99.740828
3950.282572, 99.643261
3951.246996, 99.657104
3952.211421, 99.874444
3953.175845, 99.886352
3954.140270, 99.851841
3955.104694, 99.935600
3956.069119, 99.703731
3957.033543, 99.477854
3957.997967, 99.415020
3958.962392, 99.415342
3959.926816, 99.587733
3960.891241, 99.922142
3961.855665, 100.332928
3962.820090, 100.285716
3963.784514, 100.195562
3964.748939, 99.983897
3965.713363, 99.765393
3966.677788, 100.122729
3967.642212, 100.451444
3968.606636, 99.978327
3969.571061, 99.340282
3970.535485, 99.746577
3971.499910, 100.271323
3972.464334, 99.987453
3973.428759, 99.878108
3974.393183, 100.215681
3975.357608, 100.464225
3976.322032, 100.167961
3977.286457, 100.210072
3978.250881, 100.486119
3979.215305, 100.179401
3980.179730, 99.820912
3981.144154, 99.962998
3982.108579, 99.976172
3983.073003, 99.969574
3984.037428, 99.735687
3985.001852, 99.557437
3985.966277, 99.566785
3986.930701, 99.715875
3987.895126, 99.917097
3988.859550, 100.064236
3989.823974, 99.986113
3990.788399, 99.731816
3991.752823, 99.918389
3992.717248, 100.030267
3993.681672, 100.059726
3994.646097, 100.136230
3995.610521, 100.023022
3996.574946, 99.726852
3997.539370, 99.712854
3998.503795, 100.050494
3999.468219, 100.202316
4000.432643, 100.291394
##END=$$ End of the data block
