##TITLE= RQQ0
##JCAMP-DX= 4.24
##DATA TYPE= INFRARED SPECTRUM
##ORIGIN= JASCO
##OWNER= 
##DATE= 19/12/19
##TIME= 13:35:58
##SPECTROMETER/DATA SYSTEM= 
##RESOLUTION= 
##DELTAX=   0.48211674
##XUNITS= 1/CM
##YUNITS= TRANSMITTANCE
##XFACTOR= 1.00000
##YFACTOR= 0.0001
##FIRSTX=   649.8934
##LASTX=  4000.1226
##NPOINTS=     6950
##FIRSTY=      0.92632
##MAXY=      1.00567
##MINY=      0.65502
##XYDATA= (X++(Y..Y))
649.8934 9263 9252 9246 9304 9453 9669 9870 9958 9882 9677 9442 9278 9236 9299
656.6430 9406 9495 9543 9572 9620 9660 9738 9821 9874 9881 9845 9787 9724 9666
663.3926 9619 9584 9565 9561 9567 9575 9568 9525 9418 9252 9125 9135 9223 9305
670.1423 9358 9389 9410 9430 9446 9447 9422 9372 9316 9279 9286 9348 9458 9598
676.8919 9742 9862 9938 9955 9909 9815 9697 9582 9488 9420 9367 9318 9266 9220
683.6415 9195 9204 9244 9298 9337 9338 9297 9231 9166 9130 9134 9178 9248 9329
690.3912 9406 9469 9507 9506 9458 9363 9237 9115 9033 9006 9019 9034 9018 8952
697.1408 8844 8715 8597 8512 8470 8466 8478 8479 8452 8393 8316 8241 8187 8157
703.8904 8143 8136 8129 8128 8140 8168 8207 8250 8287 8319 8351 8389 8435 8481
710.6401 8518 8537 8538 8527 8519 8526 8558 8616 8694 8777 8843 8887 8896 8872
717.3897 8831 8792 8767 8762 8771 8783 8791 8791 8782 8764 8735 8693 8645 8601
724.1393 8574 8570 8582 8596 8595 8575 8540 8505 8486 8490 8513 8549 8588 8626
730.8890 8662 8696 8729 8760 8786 8807 8830 8867 8928 9014 9115 9208 9272 9294
737.6386 9275 9230 9180 9142 9125 9129 9143 9150 9134 9088 9016 8933 8851 8774
744.3882 8688 8568 8392 8154 7872 7580 7321 7130 7034 7043 7151 7339 7584 7858
751.1379 8137 8403 8641 8839 8995 9114 9208 9291 9376 9466 9558 9639 9695 9717
757.8875 9709 9685 9666 9666 9688 9723 9756 9777 9782 9775 9762 9746 9729 9712
764.6371 9701 9706 9732 9781 9844 9910 9961 9983 9968 9915 9836 9749 9674 9628
771.3868 9616 9634 9670 9717 9768 9822 9875 9922 9958 9978 9980 9965 9935 9893
778.1364 9847 9809 9793 9809 9854 9915 9967 9993 9989 9964 9936 9915 9903 9892
784.8860 9874 9850 9831 9831 9858 9908 9962 10000 10006 9977 9929 9884 9858
791.1536 9857 9873 9889 9893 9881 9861 9846 9844 9853 9863 9861 9839 9797 9745
797.9032 9697 9664 9649 9648 9649 9634 9593 9521 9427 9326 9231 9143 9051 8936
804.6528 8787 8614 8452 8343 8327 8416 8593 8820 9050 9246 9395 9499 9572 9623
811.4025 9657 9672 9662 9627 9566 9483 9384 9273 9154 9022 8872 8692 8485 8265
818.1521 8070 7941 7911 7988 8147 8345 8533 8680 8774 8826 8848 8856 8859 8863
824.9017 8879 8913 8970 9049 9144 9246 9350 9452 9553 9655 9755 9846 9920 9965
831.6514 9978 9963 9934 9904 9886 9882 9891 9903 9911 9910 9900 9885 9873 9866
838.4010 9867 9874 9881 9885 9885 9882 9879 9882 9891 9904 9917 9924 9921 9909
845.1506 9890 9870 9851 9834 9822 9816 9819 9829 9841 9846 9837 9811 9774 9736
851.9003 9708 9694 9695 9704 9714 9719 9714 9697 9669 9630 9584 9536 9488 9443
858.6499 9398 9346 9284 9209 9125 9043 8978 8942 8941 8971 9020 9073 9120 9162
865.3995 9208 9268 9347 9440 9537 9622 9689 9738 9773 9802 9825 9843 9857 9870
872.1492 9886 9906 9927 9943 9948 9941 9925 9905 9883 9863 9846 9833 9827 9830
878.8988 9840 9850 9856 9851 9836 9816 9800 9795 9802 9815 9821 9809 9775 9722
885.6484 9664 9612 9570 9536 9499 9451 9388 9312 9230 9143 9047 8933 8795 8631
892.3981 8449 8269 8115 8011 7969 7993 8075 8201 8354 8521 8696 8873 9047 9211
899.1477 9355 9467 9544 9587 9611 9629 9654 9694 9746 9800 9846 9879 9897 9903
905.8973 9903 9902 9900 9897 9892 9882 9869 9854 9839 9828 9818 9809 9798 9783
912.6470 9765 9752 9748 9760 9785 9819 9852 9875 9882 9874 9856 9835 9815 9797
919.3966 9779 9761 9741 9723 9710 9707 9714 9731 9756 9785 9813 9834 9843 9837
926.1462 9819 9795 9771 9752 9738 9724 9710 9695 9684 9684 9697 9719 9744 9761
932.8959 9763 9746 9714 9675 9635 9601 9578 9568 9570 9579 9588 9588 9575 9552
939.6455 9524 9499 9482 9473 9472 9476 9484 9498 9520 9547 9576 9604 9628 9646
946.3951 9663 9679 9697 9716 9732 9744 9748 9745 9735 9724 9714 9711 9718 9734
953.1448 9756 9778 9794 9801 9799 9794 9789 9787 9786 9784 9780 9773 9764 9759
959.8944 9757 9762 9771 9782 9795 9803 9806 9801 9791 9781 9778 9784 9797 9811
966.6440 9818 9816 9804 9786 9768 9751 9736 9722 9709 9698 9692 9691 9694 9697
973.3937 9697 9693 9688 9687 9694 9708 9725 9738 9740 9732 9717 9703 9694 9690
980.1433 9687 9682 9672 9663 9660 9666 9682 9699 9708 9701 9679 9646 9613 9588
986.8929 9576 9572 9573 9572 9567 9559 9551 9544 9538 9529 9514 9493 9466 9437
993.6426 9407 9379 9354 9335 9323 9319 9318 9313 9299 9273 9237 9200 9166 9137
1000.3922 9111 9082 9048 9006 8959 8908 8856 8803 8750 8699 8650 8602 8548
1006.6597 8483 8403 8310 8211 8112 8017 7925 7833 7736 7636 7534 7439 7356
1012.9272 7292 7248 7226 7225 7244 7283 7344 7431 7544 7682 7837 8000 8164
1019.1948 8323 8479 8632 8784 8933 9076 9206 9320 9415 9490 9545 9583 9611
1025.4623 9637 9665 9696 9725 9749 9765 9775 9782 9788 9794 9797 9796 9793
1031.7299 9788 9782 9776 9769 9762 9758 9760 9770 9789 9813 9835 9850 9854
1037.9973 9845 9826 9801 9776 9757 9749 9753 9766 9781 9791 9790 9778 9761
1044.2649 9744 9734 9729 9730 9730 9727 9718 9705 9689 9672 9657 9644 9633
1050.5323 9623 9616 9611 9612 9617 9624 9627 9621 9601 9569 9531 9496 9471
1056.7999 9459 9460 9468 9475 9475 9462 9438 9406 9373 9342 9315 9291 9267
1063.0674 9240 9208 9167 9116 9052 8976 8891 8802 8715 8628 8538 8436 8316
1069.3350 8178 8027 7870 7716 7569 7430 7304 7201 7133 7118 7168 7285 7463
1075.6024 7686 7938 8199 8453 8691 8902 9086 9241 9374 9490 9592 9680 9750
1081.8700 9798 9826 9842 9854 9868 9886 9906 9927 9946 9965 9985 10004 10018
1088.1375 10024 10020 10009 9995 9979 9964 9950 9938 9930 9926 9924 9920 9909
1094.4050 9894 9880 9877 9889 9916 9948 9974 9984 9976 9956 9932 9910 9895
1100.6725 9886 9881 9875 9868 9860 9853 9847 9843 9840 9835 9826 9813 9794
1106.9401 9772 9748 9726 9710 9703 9705 9716 9731 9744 9750 9749 9745 9742
1113.2075 9743 9746 9746 9734 9707 9665 9616 9569 9528 9497 9473 9455 9440
1119.4751 9431 9427 9427 9426 9421 9408 9390 9371 9354 9342 9332 9319 9296
1125.7426 9261 9213 9156 9097 9040 8987 8934 8877 8812 8741 8665 8586 8506
1132.0101 8422 8332 8235 8131 8024 7920 7823 7739 7670 7621 7592 7579 7573
1138.2776 7561 7535 7490 7432 7371 7321 7296 7304 7350 7435 7556 7709 7888
1144.5452 8084 8288 8490 8679 8851 9003 9134 9248 9348 9438 9521 9595 9661
1150.8126 9717 9761 9795 9821 9844 9866 9889 9911 9927 9931 9920 9896 9867
1157.0802 9841 9826 9826 9839 9861 9886 9908 9923 9931 9936 9941 9950 9965
1163.3477 9982 9993 9994 9985 9969 9954 9945 9942 9944 9946 9946 9944 9940
1169.6152 9937 9932 9926 9917 9903 9883 9858 9832 9809 9793 9787 9787 9791
1175.8827 9792 9789 9779 9765 9747 9723 9696 9664 9629 9592 9555 9520 9489
1182.1503 9466 9453 9451 9461 9478 9499 9521 9545 9571 9601 9632 9661 9683
1188.4177 9693 9691 9684 9675 9671 9671 9674 9677 9679 9678 9678 9677 9676
1194.6853 9673 9667 9658 9647 9636 9625 9615 9607 9603 9603 9606 9610 9609
1200.9528 9600 9585 9568 9552 9542 9538 9537 9534 9525 9511 9494 9479 9469
1207.2203 9465 9465 9464 9460 9451 9440 9429 9417 9403 9385 9360 9331 9301
1213.4878 9276 9259 9251 9248 9247 9243 9233 9217 9195 9168 9138 9107 9076
1219.7554 9046 9020 8997 8978 8960 8941 8919 8893 8863 8829 8792 8753 8713
1226.0228 8672 8630 8586 8538 8485 8426 8362 8295 8228 8163 8104 8056 8023
1232.2904 8010 8020 8055 8112 8189 8280 8379 8481 8580 8671 8751 8818 8872
1238.5579 8915 8947 8970 8985 8992 8996 8996 8994 8989 8980 8967 8949 8927
1244.8254 8900 8869 8835 8800 8767 8737 8709 8679 8644 8603 8556 8509 8465
1251.0929 8425 8388 8352 8314 8272 8226 8173 8112 8042 7966 7885 7804 7726
1257.3605 7655 7594 7549 7520 7506 7504 7506 7505 7497 7480 7455 7423 7384
1263.6279 7337 7282 7219 7151 7083 7018 6959 6907 6863 6826 6797 6775 6759
1269.8955 6750 6746 6745 6746 6743 6732 6710 6680 6644 6609 6580 6560 6550
1276.1630 6552 6567 6594 6634 6685 6743 6804 6869 6936 7009 7089 7176 7269
1282.4305 7367 7469 7574 7681 7787 7890 7991 8090 8188 8284 8376 8461 8536
1288.6980 8601 8660 8714 8765 8813 8856 8894 8928 8961 8996 9034 9073 9110
1294.9656 9144 9172 9197 9218 9237 9252 9261 9265 9262 9254 9242 9228 9211
1301.2330 9189 9161 9128 9090 9048 9001 8949 8892 8834 8776 8720 8668 8617
1307.5006 8569 8524 8482 8444 8408 8375 8342 8311 8283 8263 8252 8249 8253
1313.7681 8258 8262 8263 8263 8263 8264 8264 8262 8256 8244 8226 8199 8166
1320.0356 8128 8085 8037 7982 7920 7849 7769 7684 7594 7503 7412 7322 7234
1326.3031 7149 7068 6990 6918 6852 6793 6743 6703 6672 6652 6642 6644 6660
1332.5707 6689 6732 6784 6844 6907 6974 7044 7119 7199 7282 7369 7459 7553
1338.8381 7653 7757 7864 7970 8072 8168 8259 8346 8431 8513 8594 8673 8750
1345.1057 8825 8897 8966 9031 9093 9152 9209 9264 9316 9362 9400 9428 9448
1351.3732 9461 9468 9472 9474 9477 9481 9487 9496 9508 9525 9548 9578 9613
1357.6407 9650 9685 9715 9738 9758 9777 9798 9822 9846 9867 9882 9892 9897
1363.9082 9904 9913 9924 9936 9947 9954 9958 9959 9958 9957 9957 9957 9956
1370.1758 9953 9947 9940 9932 9925 9920 9918 9918 9919 9918 9916 9911 9907
1376.4432 9902 9899 9894 9889 9880 9871 9861 9853 9846 9840 9834 9827 9819
1382.7108 9812 9804 9796 9788 9779 9769 9759 9750 9742 9734 9728 9722 9717
1388.9783 9714 9711 9707 9701 9694 9688 9685 9686 9690 9692 9688 9673 9650
1395.2458 9625 9602 9585 9571 9556 9537 9512 9483 9455 9433 9419 9411 9409
1401.5133 9410 9412 9417 9423 9431 9442 9454 9464 9468 9466 9458 9447 9435
1407.7809 9424 9414 9403 9390 9374 9357 9341 9329 9322 9316 9310 9297 9278
1414.0483 9254 9227 9199 9169 9138 9106 9074 9042 9013 8985 8954 8918 8875
1420.3159 8829 8783 8738 8691 8642 8586 8524 8455 8384 8317 8260 8217 8195
1426.5834 8198 8230 8291 8379 8493 8631 8784 8938 9077 9190 9276 9342 9393
1432.8510 9433 9462 9480 9488 9490 9486 9475 9457 9431 9400 9368 9333 9296
1439.1184 9257 9218 9181 9149 9120 9091 9061 9027 8991 8956 8925 8899 8884
1445.3860 8880 8891 8917 8957 9007 9057 9100 9131 9149 9157 9157 9150 9134
1451.6534 9110 9078 9038 8993 8942 8887 8828 8767 8704 8644 8593 8561 8551
1457.9210 8556 8569 8587 8608 8631 8656 8678 8694 8703 8704 8699 8690 8680
1464.1885 8669 8659 8650 8642 8637 8635 8636 8640 8644 8648 8649 8645 8639
1470.4561 8630 8620 8607 8586 8553 8508 8456 8405 8358 8311 8262 8207 8145
1476.7235 8080 8017 7958 7900 7840 7775 7704 7629 7554 7484 7425 7377 7341
1482.9911 7315 7299 7292 7293 7303 7327 7368 7431 7516 7614 7713 7808 7900
1489.2585 7998 8105 8215 8311 8385 8437 8476 8506 8531 8550 8564 8571 8571
1495.5261 8564 8547 8524 8497 8468 8434 8393 8343 8287 8228 8169 8109 8047
1501.7936 7984 7921 7864 7816 7779 7751 7733 7728 7743 7782 7839 7898 7956
1508.0612 8017 8085 8159 8234 8308 8382 8456 8535 8615 8690 8748 8785 8802
1514.3286 8805 8800 8793 8785 8774 8756 8730 8697 8661 8624 8585 8543 8495
1520.5962 8439 8371 8297 8221 8148 8079 8011 7943 7870 7792 7712 7640 7580
1526.8636 7534 7496 7462 7428 7394 7360 7329 7302 7281 7269 7267 7280 7312
1533.1312 7359 7411 7455 7486 7509 7528 7548 7570 7593 7619 7652 7699 7767
1539.3987 7851 7928 7985 8030 8076 8129 8184 8237 8286 8334 8387 8447 8510
1545.6663 8566 8610 8645 8678 8714 8756 8804 8856 8908 8956 8998 9034 9065
1551.9337 9093 9123 9159 9203 9251 9296 9328 9348 9361 9374 9394 9427 9480
1558.2013 9558 9648 9714 9738 9734 9723 9717 9717 9724 9735 9747 9756 9761
1564.4688 9762 9764 9768 9772 9775 9774 9770 9768 9771 9778 9787 9790 9783
1570.7363 9770 9758 9748 9743 9740 9738 9735 9730 9723 9715 9706 9694 9682
1577.0038 9671 9662 9653 9642 9629 9613 9595 9577 9561 9547 9533 9515 9491
1583.2714 9463 9430 9394 9356 9314 9267 9214 9152 9082 9003 8915 8818 8715
1589.5388 8607 8498 8395 8304 8230 8178 8151 8150 8175 8225 8294 8378 8471
1595.8064 8568 8666 8763 8859 8951 9038 9118 9192 9260 9322 9380 9433 9481
1602.0739 9524 9560 9590 9616 9637 9655 9668 9676 9679 9676 9670 9662 9654
1608.3414 9646 9637 9627 9616 9605 9593 9578 9561 9542 9523 9506 9495 9492
1614.6089 9495 9507 9530 9571 9627 9686 9731 9761 9782 9800 9821 9843 9865
1620.8765 9884 9897 9905 9909 9912 9916 9922 9928 9932 9934 9933 9931 9930
1627.1439 9930 9931 9934 9937 9938 9939 9940 9941 9943 9944 9942 9936 9928
1633.4115 9919 9910 9902 9896 9892 9892 9894 9897 9899 9901 9901 9901 9902
1639.6791 9904 9909 9915 9922 9929 9935 9940 9942 9942 9940 9934 9927 9921
1645.9465 9917 9915 9915 9914 9911 9907 9904 9902 9901 9901 9903 9909 9918
1652.2141 9929 9932 9915 9888 9868 9860 9860 9865 9871 9875 9877 9875 9869
1658.4816 9859 9847 9835 9826 9820 9818 9819 9821 9823 9823 9822 9821 9819
1664.7491 9817 9815 9810 9804 9796 9787 9776 9763 9750 9738 9730 9723 9717
1671.0166 9711 9704 9698 9693 9689 9684 9677 9667 9654 9641 9628 9613 9595
1677.2842 9573 9546 9515 9482 9448 9416 9386 9358 9333 9309 9287 9264 9234
1683.5516 9185 9104 9003 8909 8832 8762 8690 8610 8521 8426 8330 8238 8154
1689.8192 8077 8005 7938 7877 7825 7784 7755 7735 7723 7719 7725 7750 7804
1696.0867 7882 7962 8029 8081 8124 8166 8222 8323 8499 8711 8865 8946 8992
1702.3542 9030 9073 9126 9185 9245 9297 9338 9370 9398 9424 9447 9467 9484
1708.6217 9499 9512 9525 9536 9547 9557 9567 9575 9582 9589 9598 9611 9630
1714.8893 9652 9674 9693 9710 9726 9741 9757 9770 9779 9787 9797 9808 9822
1721.1567 9837 9852 9866 9881 9895 9909 9921 9929 9932 9929 9924 9921 9921
1727.4243 9927 9934 9940 9942 9939 9934 9930 9930 9932 9935 9939 9943 9950
1733.6918 9959 9968 9970 9968 9964 9961 9959 9959 9960 9960 9959 9956 9953
1739.9594 9955 9961 9969 9977 9981 9981 9976 9968 9962 9960 9962 9964 9966
1746.2268 9966 9963 9959 9958 9959 9959 9957 9951 9944 9939 9941 9950 9960
1752.4944 9967 9969 9968 9966 9965 9966 9969 9970 9969 9965 9961 9959 9963
1758.7618 9971 9981 9990 9997 10000 9998 9992 9983 9975 9969 9964 9959 9955
1765.0294 9952 9949 9948 9951 9959 9970 9978 9979 9969 9952 9932 9916 9908
1771.2969 9912 9927 9944 9955 9958 9957 9956 9957 9960 9963 9964 9962 9956
1777.5645 9949 9942 9937 9933 9932 9934 9939 9944 9945 9942 9934 9923 9912
1783.8319 9904 9901 9903 9907 9910 9911 9910 9909 9911 9916 9924 9931 9937
1790.0995 9940 9939 9934 9928 9923 9922 9928 9937 9948 9958 9964 9965 9962
1796.3669 9956 9952 9951 9955 9961 9969 9974 9974 9970 9963 9956 9952 9952
1802.6345 9958 9968 9978 9986 9989 9987 9981 9973 9966 9961 9960 9959 9959
1808.9020 9958 9957 9956 9956 9956 9956 9957 9958 9960 9964 9968 9974 9979
1815.1696 9982 9984 9983 9982 9979 9975 9971 9968 9965 9965 9967 9972 9977
1821.4370 9982 9985 9983 9978 9970 9963 9960 9965 9976 9989 9998 9999 9993
1827.7046 9984 9975 9968 9964 9960 9955 9949 9944 9942 9944 9951 9959 9969
1833.9720 9977 9982 9985 9985 9983 9979 9975 9972 9969 9965 9959 9951 9943
1840.2396 9937 9936 9939 9945 9951 9955 9957 9957 9959 9963 9968 9972 9973
1846.5071 9971 9967 9964 9962 9963 9966 9971 9976 9980 9983 9983 9984 9986
1852.7747 9990 9995 9998 9995 9986 9972 9956 9943 9934 9930 9930 9933 9939
1859.0421 9946 9955 9963 9968 9971 9972 9970 9968 9964 9959 9954 9950 9947
1865.3097 9948 9951 9956 9960 9963 9962 9959 9954 9949 9947 9948 9952 9956
1871.5771 9959 9960 9957 9951 9944 9938 9934 9933 9934 9935 9938 9942 9948
1877.8447 9957 9968 9979 9986 9986 9978 9963 9944 9926 9916 9914 9922 9937
1884.1122 9953 9967 9974 9974 9967 9958 9948 9941 9936 9935 9934 9933 9930
1890.3798 9923 9914 9905 9899 9897 9899 9903 9908 9914 9919 9924 9929 9931
1896.6472 9929 9923 9916 9910 9909 9914 9922 9931 9938 9942 9943 9943 9942
1902.9148 9940 9935 9928 9920 9914 9911 9915 9925 9941 9958 9975 9985 9988
1909.1823 9983 9972 9961 9954 9951 9951 9950 9946 9939 9931 9928 9933 9944
1915.4498 9958 9967 9967 9957 9941 9928 9923 9927 9936 9945 9951 9955 9959
1921.7173 9964 9970 9973 9969 9960 9949 9941 9940 9946 9958 9972 9983 9989
1927.9849 9989 9982 9970 9956 9942 9932 9928 9932 9941 9952 9963 9972 9976
1934.2523 9978 9979 9983 9990 9999 10006 10009 10006 9999 9991 9985 9983 9983
1940.5199 9982 9978 9972 9964 9958 9954 9954 9958 9965 9974 9987 10000 10011
1946.7874 10015 10010 9995 9974 9953 9935 9925 9922 9924 9927 9931 9933 9936
1953.0549 9940 9944 9951 9959 9968 9977 9987 9997 10006 10013 10018 10021
1958.8403 10022 10021 10018 10012 10000 9985 9967 9951 9938 9930 9924 9918
1964.6257 9911 9906 9904 9908 9919 9935 9952 9967 9979 9986 9987 9984 9978
1970.8932 9971 9964 9959 9955 9950 9946 9945 9952 9967 9989 10011 10027 10030
1977.1608 10019 9997 9969 9942 9922 9910 9907 9912 9922 9935 9951 9968 9987
1983.4282 10005 10017 10019 10009 9988 9963 9939 9924 9917 9917 9921 9926 9932
1989.6958 9938 9945 9951 9955 9956 9956 9959 9965 9974 9982 9988 9991 9991
1995.9633 9988 9982 9972 9961 9951 9947 9949 9955 9959 9955 9943 9927 9915
2002.2308 9912 9919 9929 9938 9941 9939 9936 9936 9937 9938 9935 9929 9923
2008.4983 9921 9925 9935 9949 9960 9965 9958 9940 9914 9889 9873 9874 9893
2014.7659 9922 9951 9969 9973 9964 9952 9942 9938 9936 9934 9929 9923 9922
2021.0333 9927 9940 9953 9962 9961 9955 9951 9954 9968 9990 10011 10020 10015
2027.3009 9996 9973 9957 9955 9968 9988 10007 10017 10015 10005 9993 9984 9979
2033.5684 9975 9969 9959 9947 9936 9931 9935 9946 9965 9986 10006 10021 10030
2039.8359 10031 10027 10018 10006 9994 9982 9973 9969 9969 9971 9972 9968 9958
2046.1034 9946 9937 9936 9944 9958 9973 9984 9988 9984 9974 9959 9942 9926
2052.3708 9913 9908 9911 9920 9932 9940 9942 9938 9930 9922 9917 9916 9919
2058.6384 9924 9930 9936 9938 9937 9932 9925 9921 9921 9925 9929 9928 9921
2064.9060 9909 9898 9889 9885 9885 9890 9900 9916 9935 9956 9974 9985 9986
2071.1736 9978 9961 9941 9921 9908 9905 9913 9926 9939 9944 9941 9932 9920
2077.4409 9912 9908 9909 9912 9917 9923 9928 9931 9930 9926 9919 9912 9905
2083.7085 9901 9898 9897 9897 9900 9905 9911 9917 9920 9920 9918 9913 9907
2089.9761 9903 9900 9900 9904 9912 9922 9932 9941 9948 9951 9948 9938 9925
2096.2437 9910 9902 9905 9918 9938 9957 9968 9969 9963 9955 9947 9941 9935
2102.5110 9930 9928 9930 9936 9941 9941 9935 9923 9907 9892 9880 9872 9871
2108.7786 9875 9884 9894 9904 9910 9913 9916 9921 9927 9933 9936 9933 9927
2115.0461 9921 9917 9915 9914 9912 9905 9896 9886 9880 9878 9883 9891 9900
2121.3137 9907 9909 9907 9903 9899 9898 9901 9906 9910 9913 9914 9916 9921
2127.5811 9931 9946 9959 9967 9965 9955 9944 9937 9937 9941 9944 9940 9928
2133.8486 9911 9897 9892 9899 9914 9934 9953 9966 9972 9974 9971 9966 9959
2140.1162 9951 9944 9942 9943 9947 9950 9947 9939 9928 9918 9916 9923 9936
2146.3838 9952 9964 9968 9963 9949 9930 9911 9898 9893 9899 9915 9937 9962
2152.6511 9986 10003 10009 10003 9984 9957 9931 9913 9910 9921 9938 9954 9961
2158.9187 9958 9948 9935 9925 9918 9917 9921 9932 9948 9963 9972 9969 9957
2165.1863 9940 9926 9919 9918 9920 9920 9917 9913 9911 9913 9918 9922 9922
2171.4539 9918 9913 9911 9915 9925 9939 9950 9953 9944 9922 9897 9875 9868
2177.7212 9878 9900 9926 9944 9945 9931 9908 9886 9875 9875 9884 9893 9897
2183.9888 9895 9891 9890 9895 9904 9915 9922 9924 9920 9913 9903 9891 9877
2190.2563 9863 9853 9849 9852 9858 9862 9862 9860 9859 9865 9878 9895 9909
2196.5239 9915 9914 9907 9902 9902 9907 9916 9923 9927 9928 9928 9931 9938
2202.7913 9946 9950 9944 9926 9901 9877 9862 9864 9880 9904 9929 9948 9958
2209.0588 9959 9954 9944 9929 9912 9896 9882 9873 9870 9870 9875 9883 9894
2215.3264 9906 9917 9923 9924 9920 9911 9903 9897 9896 9898 9900 9901 9898
2221.5940 9891 9882 9874 9872 9877 9888 9899 9907 9906 9897 9883 9872 9869
2227.8613 9879 9898 9920 9938 9946 9944 9934 9919 9902 9884 9863 9844 9829
2234.1289 9827 9839 9864 9895 9922 9936 9935 9925 9912 9902 9897 9895 9895
2240.3965 9896 9899 9904 9908 9907 9901 9889 9875 9867 9868 9879 9895 9912
2246.6641 9923 9926 9921 9909 9897 9887 9885 9888 9894 9900 9900 9894 9882
2252.9314 9867 9855 9850 9856 9870 9888 9903 9910 9907 9899 9889 9882 9876
2259.1990 9871 9864 9855 9850 9849 9855 9866 9881 9895 9909 9922 9933 9939
2265.4666 9939 9930 9915 9898 9885 9879 9881 9889 9900 9910 9916 9916 9911
2271.7341 9899 9885 9871 9861 9859 9865 9876 9888 9896 9900 9900 9899 9897
2278.0015 9894 9893 9894 9898 9904 9909 9909 9903 9891 9878 9867 9864 9867
2284.2690 9873 9879 9881 9876 9866 9854 9844 9838 9837 9839 9844 9850 9857
2290.5366 9864 9871 9877 9883 9888 9891 9892 9892 9889 9886 9882 9878 9875
2296.8042 9871 9868 9865 9865 9868 9872 9876 9876 9871 9861 9850 9841 9838
2303.0715 9842 9853 9868 9884 9894 9896 9889 9877 9868 9864 9866 9872 9879
2309.3391 9883 9883 9882 9880 9876 9872 9866 9858 9848 9836 9826 9819 9819
2315.6067 9829 9849 9874 9897 9911 9909 9894 9870 9846 9828 9818 9818 9825
2321.8743 9838 9853 9871 9886 9897 9902 9900 9896 9891 9886 9880 9874 9867
2328.1416 9862 9859 9861 9864 9866 9865 9863 9863 9870 9881 9892 9895 9886
2334.4092 9865 9839 9816 9802 9803 9814 9831 9846 9854 9856 9852 9847 9840
2340.6768 9832 9823 9816 9814 9818 9827 9839 9846 9846 9839 9830 9822 9820
2346.9443 9822 9826 9827 9827 9825 9824 9826 9835 9849 9865 9878 9882 9878
2353.2117 9870 9861 9855 9849 9840 9826 9815 9813 9827 9855 9889 9920 9941
2359.4792 9951 9952 9946 9932 9910 9884 9860 9842 9833 9827 9822 9814 9807
2365.7468 9804 9809 9821 9836 9848 9854 9852 9843 9828 9814 9806 9811 9829
2372.0144 9856 9884 9905 9914 9910 9896 9877 9859 9844 9836 9835 9840 9851
2378.2817 9862 9871 9875 9872 9865 9858 9853 9852 9854 9860 9869 9878 9886
2384.5493 9890 9888 9881 9871 9863 9858 9858 9862 9866 9870 9872 9872 9871
2390.8169 9870 9870 9871 9874 9879 9883 9886 9887 9887 9888 9891 9896 9899
2397.0845 9899 9895 9888 9884 9885 9891 9899 9903 9901 9894 9885 9878 9878
2403.3518 9882 9888 9892 9893 9890 9885 9883 9883 9887 9893 9899 9904 9907
2409.6194 9908 9905 9899 9892 9886 9883 9885 9890 9897 9903 9906 9904 9899
2415.8870 9892 9888 9888 9893 9903 9915 9924 9929 9928 9924 9917 9909 9902
2422.1545 9897 9895 9896 9901 9908 9914 9918 9918 9915 9912 9912 9915 9923
2428.4219 9933 9942 9945 9942 9932 9918 9901 9887 9877 9873 9878 9889 9904
2434.6895 9919 9930 9934 9933 9928 9925 9924 9925 9926 9926 9924 9920 9918
2440.9570 9917 9917 9917 9914 9908 9898 9888 9880 9875 9874 9876 9880 9887
2447.2246 9896 9906 9914 9919 9917 9912 9908 9909 9918 9931 9943 9947 9940
2453.4919 9926 9909 9895 9890 9892 9900 9909 9916 9921 9922 9920 9919 9918
2459.7595 9918 9919 9920 9919 9916 9910 9903 9895 9890 9890 9895 9905 9915
2466.0271 9923 9927 9926 9923 9919 9915 9911 9904 9894 9884 9877 9877 9884
2472.2947 9896 9911 9924 9931 9932 9929 9925 9921 9918 9916 9914 9912 9911
2478.5620 9914 9919 9925 9932 9937 9941 9943 9945 9947 9946 9941 9933 9921
2484.8296 9910 9900 9896 9896 9901 9909 9916 9920 9917 9909 9899 9892 9892
2491.0972 9899 9909 9920 9926 9929 9929 9929 9928 9925 9920 9914 9909 9907
2497.3647 9910 9915 9920 9922 9923 9924 9925 9928 9930 9929 9926 9922 9918
2503.6321 9918 9919 9921 9921 9918 9912 9906 9903 9903 9907 9914 9922 9928
2509.8997 9931 9931 9928 9923 9918 9915 9917 9924 9931 9937 9939 9938 9934
2516.1672 9932 9934 9938 9946 9953 9958 9960 9958 9951 9941 9932 9925 9921
2522.4348 9920 9920 9920 9919 9921 9928 9939 9952 9962 9965 9960 9951 9940
2528.7021 9933 9930 9929 9928 9926 9921 9917 9914 9915 9920 9927 9934 9938
2534.9697 9937 9932 9925 9920 9920 9926 9936 9945 9950 9950 9946 9939 9932
2541.2373 9927 9923 9922 9922 9925 9931 9939 9947 9954 9957 9953 9944 9930
2547.5049 9914 9898 9884 9874 9872 9877 9889 9905 9919 9928 9930 9926 9920
2553.7722 9918 9923 9935 9950 9965 9973 9974 9965 9950 9933 9918 9909 9907
2560.0398 9911 9918 9925 9931 9934 9934 9934 9933 9936 9941 9948 9956 9960
2566.3074 9958 9951 9941 9931 9924 9923 9925 9928 9930 9929 9928 9925 9922
2572.5750 9918 9913 9907 9902 9901 9903 9909 9915 9921 9925 9928 9932 9937
2578.8423 9946 9954 9960 9961 9957 9949 9940 9935 9932 9933 9933 9932 9932
2585.1099 9933 9937 9943 9949 9952 9950 9944 9936 9929 9923 9920 9920 9920
2591.3774 9922 9923 9925 9926 9928 9931 9934 9937 9938 9936 9931 9924 9918
2597.6450 9916 9918 9922 9929 9935 9939 9940 9938 9934 9929 9926 9924 9925
2603.9124 9926 9925 9924 9921 9918 9916 9914 9911 9907 9902 9898 9896 9897
2610.1799 9900 9907 9914 9922 9931 9938 9944 9947 9948 9946 9941 9933 9924
2616.4475 9913 9902 9894 9889 9887 9888 9890 9893 9897 9901 9906 9912 9916
2622.7151 9918 9916 9912 9907 9904 9903 9905 9908 9910 9910 9909 9906 9904
2628.9827 9902 9900 9899 9898 9897 9899 9901 9903 9903 9902 9898 9895 9893
2635.2500 9893 9898 9905 9913 9921 9927 9928 9926 9920 9915 9911 9909 9912
2641.5176 9916 9921 9926 9929 9930 9929 9929 9930 9932 9937 9941 9944 9943
2647.7852 9938 9930 9920 9911 9906 9906 9910 9917 9922 9926 9926 9925 9924
2654.0527 9924 9925 9926 9925 9924 9923 9921 9920 9920 9919 9920 9923 9927
2660.3201 9934 9939 9943 9943 9939 9933 9928 9926 9927 9932 9938 9942 9944
2666.5876 9942 9936 9928 9920 9913 9909 9909 9912 9918 9923 9927 9928 9926
2672.8552 9923 9920 9917 9914 9910 9907 9906 9906 9911 9918 9925 9930 9930
2679.1228 9926 9921 9918 9919 9921 9923 9921 9916 9909 9904 9903 9905 9910
2685.3901 9916 9920 9922 9921 9920 9918 9916 9913 9911 9908 9906 9906 9910
2691.6577 9917 9925 9931 9934 9932 9928 9924 9923 9926 9930 9935 9936 9934
2697.9253 9927 9918 9910 9905 9905 9909 9913 9916 9916 9912 9906 9900 9896
2704.1929 9895 9897 9902 9905 9905 9901 9894 9887 9883 9884 9889 9894 9898
2710.4602 9900 9901 9904 9910 9919 9926 9931 9929 9924 9917 9911 9909 9909
2716.7278 9910 9909 9907 9906 9908 9915 9923 9930 9931 9926 9919 9914 9914
2722.9954 9922 9932 9941 9944 9941 9936 9932 9931 9934 9938 9941 9943 9943
2729.2629 9943 9942 9941 9939 9936 9932 9927 9924 9921 9918 9917 9916 9917
2735.5303 9920 9924 9930 9937 9943 9948 9950 9949 9945 9940 9935 9932 9931
2741.7979 9932 9933 9934 9937 9941 9948 9954 9958 9956 9946 9931 9914 9902
2748.0654 9898 9902 9910 9917 9922 9924 9926 9931 9938 9944 9946 9943 9934
2754.3330 9922 9911 9903 9897 9894 9893 9894 9899 9908 9916 9922 9922 9917
2760.6003 9909 9901 9896 9894 9894 9894 9894 9895 9897 9902 9907 9911 9911
2766.8679 9907 9901 9898 9899 9907 9921 9935 9947 9953 9952 9945 9934 9920
2773.1355 9907 9899 9897 9902 9909 9916 9919 9917 9912 9909 9910 9913 9915
2779.4031 9914 9906 9894 9881 9872 9869 9872 9881 9894 9906 9916 9920 9919
2785.6704 9916 9911 9909 9910 9912 9915 9917 9917 9917 9917 9918 9919 9918
2791.9380 9915 9910 9906 9904 9906 9911 9919 9928 9936 9943 9948 9950 9949
2798.2056 9947 9945 9944 9948 9954 9960 9962 9958 9948 9933 9918 9907 9901
2804.4731 9901 9906 9913 9921 9930 9938 9944 9949 9951 9949 9945 9939 9933
2810.7405 9927 9922 9919 9917 9917 9916 9916 9917 9920 9927 9936 9945 9951
2817.0081 9949 9940 9926 9912 9904 9903 9910 9920 9930 9937 9940 9939 9936
2823.2756 9933 9931 9932 9933 9933 9929 9920 9909 9901 9900 9908 9922 9938
2829.5432 9949 9952 9948 9939 9930 9922 9915 9911 9908 9907 9907 9909 9910
2835.8105 9909 9904 9898 9890 9885 9884 9887 9893 9899 9902 9901 9897 9891
2842.0781 9888 9887 9891 9895 9899 9899 9897 9895 9894 9897 9902 9905 9903
2848.3457 9895 9884 9876 9872 9874 9879 9883 9883 9878 9870 9860 9851 9845
2854.6133 9844 9850 9862 9878 9893 9905 9910 9909 9906 9903 9900 9897 9896
2860.8806 9895 9897 9902 9907 9911 9911 9906 9898 9889 9883 9884 9891 9900
2867.1482 9908 9912 9912 9910 9908 9908 9908 9907 9902 9893 9884 9879 9881
2873.4158 9889 9899 9903 9900 9890 9876 9862 9851 9842 9835 9829 9824 9825
2879.6833 9830 9839 9848 9852 9848 9837 9823 9808 9799 9795 9796 9797 9797
2885.9507 9791 9783 9773 9766 9765 9770 9779 9788 9794 9797 9795 9792 9790
2892.2183 9788 9789 9790 9792 9793 9793 9793 9794 9796 9798 9797 9793 9785
2898.4858 9777 9772 9775 9786 9805 9827 9847 9862 9868 9868 9862 9853 9844
2904.7534 9838 9838 9843 9853 9865 9877 9889 9899 9908 9915 9920 9921 9920
2911.0208 9919 9918 9919 9919 9917 9914 9910 9909 9910 9912 9914 9912 9910
2917.2883 9908 9910 9914 9918 9919 9914 9907 9899 9895 9895 9899 9903 9907
2923.5559 9909 9912 9915 9919 9923 9924 9921 9917 9914 9916 9924 9934 9942
2929.8235 9944 9939 9929 9920 9915 9916 9919 9921 9921 9921 9923 9931 9942
2936.0908 9953 9958 9957 9951 9944 9938 9935 9934 9931 9925 9918 9910 9905
2942.3584 9902 9903 9905 9908 9909 9909 9909 9909 9910 9912 9914 9913 9910
2948.6260 9903 9897 9892 9890 9893 9899 9905 9910 9913 9914 9915 9918 9921
2954.8936 9922 9921 9916 9910 9905 9903 9905 9910 9916 9923 9929 9935 9938
2961.1609 9940 9937 9933 9928 9924 9924 9927 9932 9939 9947 9955 9961 9964
2967.4285 9962 9955 9947 9940 9938 9940 9944 9945 9943 9938 9933 9934 9942
2973.6960 9955 9969 9981 9986 9985 9979 9973 9970 9970 9972 9975 9977 9979
2979.9636 9980 9978 9971 9957 9939 9920 9907 9903 9910 9922 9934 9941 9943
2986.2310 9941 9939 9938 9938 9938 9934 9926 9916 9907 9903 9904 9910 9917
2992.4985 9923 9924 9919 9911 9905 9904 9910 9922 9936 9948 9955 9957 9957
2998.7661 9958 9959 9961 9961 9959 9956 9955 9958 9963 9968 9969 9965 9957
3005.0337 9947 9938 9932 9928 9925 9923 9923 9925 9930 9938 9947 9957 9967
3011.3010 9974 9978 9977 9972 9966 9960 9958 9958 9957 9951 9938 9922 9907
3017.5686 9900 9903 9916 9934 9952 9967 9977 9981 9982 9980 9975 9970 9964
3023.8362 9959 9953 9947 9941 9935 9933 9936 9944 9954 9963 9969 9970 9968
3030.1038 9965 9963 9963 9965 9965 9963 9959 9952 9945 9940 9939 9943 9949
3036.3711 9956 9962 9964 9963 9961 9959 9960 9963 9966 9968 9966 9960 9954
3042.6387 9950 9950 9952 9955 9957 9958 9959 9960 9962 9965 9967 9968 9967
3048.9063 9963 9955 9945 9934 9924 9919 9920 9926 9934 9942 9947 9949 9949
3055.1738 9947 9944 9938 9929 9919 9909 9900 9896 9897 9905 9918 9932 9942
3061.4412 9946 9944 9938 9934 9933 9936 9938 9937 9932 9922 9912 9903 9896
3067.7087 9891 9889 9889 9891 9896 9903 9907 9907 9901 9892 9882 9875 9873
3073.9763 9873 9874 9871 9865 9857 9851 9847 9845 9842 9834 9821 9805 9792
3080.2439 9783 9781 9783 9789 9796 9804 9813 9824 9835 9845 9851 9855 9857
3086.5112 9861 9867 9877 9890 9902 9910 9912 9908 9900 9890 9879 9871 9865
3092.7788 9862 9862 9864 9869 9875 9882 9891 9898 9903 9905 9903 9898 9894
3099.0464 9889 9885 9880 9875 9871 9872 9877 9885 9892 9895 9893 9886 9878
3105.3140 9874 9874 9879 9887 9894 9900 9901 9897 9887 9872 9853 9834 9820
3111.5813 9812 9811 9817 9825 9835 9843 9847 9847 9844 9840 9837 9837 9840
3117.8489 9845 9849 9852 9856 9859 9865 9873 9883 9896 9908 9919 9926 9928
3124.1165 9925 9919 9913 9910 9912 9919 9930 9940 9946 9945 9938 9926 9913
3130.3840 9902 9894 9891 9892 9896 9902 9908 9912 9910 9904 9895 9888 9885
3136.6514 9889 9897 9905 9911 9917 9924 9933 9942 9947 9945 9935 9921 9908
3142.9189 9902 9904 9910 9917 9920 9918 9914 9910 9910 9914 9922 9932 9943
3149.1865 9955 9967 9975 9976 9970 9957 9941 9927 9918 9914 9914 9917 9923
3155.4541 9930 9937 9941 9940 9934 9926 9920 9920 9929 9946 9965 9984 9998
3161.7214 10004 10004 9998 9990 9981 9974 9970 9968 9966 9964 9958 9948 9936
3167.9890 9924 9916 9915 9920 9929 9937 9942 9943 9942 9940 9936 9931 9923
3174.2566 9915 9909 9908 9914 9925 9934 9940 9939 9930 9917 9902 9888 9878
3180.5242 9876 9883 9899 9919 9938 9950 9950 9939 9920 9900 9887 9883 9891
3186.7915 9906 9920 9929 9930 9926 9922 9919 9917 9915 9909 9899 9886 9874
3193.0591 9868 9871 9881 9897 9914 9927 9932 9927 9916 9904 9896 9895 9901
3199.3267 9907 9910 9906 9898 9890 9886 9889 9896 9902 9904 9899 9889 9879
3205.5942 9872 9870 9871 9872 9870 9864 9855 9847 9844 9849 9862 9878 9891
3211.8616 9894 9887 9872 9854 9838 9829 9829 9840 9858 9882 9903 9916 9914
3218.1292 9897 9873 9849 9834 9830 9834 9841 9845 9846 9845 9843 9842 9841
3224.3967 9838 9832 9824 9815 9806 9799 9794 9791 9794 9802 9817 9837 9859
3230.6643 9881 9895 9899 9890 9871 9849 9829 9817 9812 9814 9822 9833 9847
3236.9316 9862 9876 9882 9877 9860 9836 9811 9794 9789 9796 9812 9830 9844
3243.1992 9852 9854 9851 9846 9843 9840 9839 9837 9833 9828 9824 9823 9826
3249.4668 9832 9836 9837 9833 9826 9819 9815 9813 9813 9812 9811 9809 9809
3255.7344 9812 9815 9817 9814 9805 9792 9779 9772 9774 9786 9807 9829 9847
3262.0017 9855 9850 9834 9811 9785 9762 9743 9730 9724 9725 9732 9742 9751
3268.2693 9756 9754 9748 9742 9739 9739 9739 9736 9731 9724 9719 9717 9716
3274.5369 9714 9708 9696 9683 9672 9667 9671 9682 9695 9706 9711 9710 9704
3280.8044 9696 9687 9680 9672 9665 9658 9654 9656 9664 9678 9694 9709 9719
3287.0718 9721 9714 9701 9686 9673 9664 9660 9656 9647 9630 9607 9583 9563
3293.3394 9550 9546 9546 9549 9555 9562 9570 9577 9579 9574 9563 9547 9530
3299.6069 9514 9502 9493 9486 9482 9481 9483 9486 9486 9481 9471 9457 9444
3305.8745 9436 9432 9432 9430 9421 9404 9380 9357 9337 9324 9316 9308 9298
3312.1418 9284 9270 9260 9255 9257 9261 9262 9257 9248 9237 9227 9223 9222
3318.4094 9222 9218 9208 9191 9169 9147 9131 9127 9136 9159 9188 9217 9240
3324.6770 9253 9259 9261 9262 9263 9266 9266 9264 9259 9255 9255 9259 9264
3330.9446 9268 9264 9252 9234 9216 9205 9203 9212 9227 9245 9266 9290 9315
3337.2119 9341 9366 9387 9404 9420 9438 9461 9488 9516 9542 9563 9579 9595
3343.4795 9614 9640 9670 9700 9724 9736 9737 9732 9729 9734 9749 9769 9790
3349.7471 9805 9812 9814 9814 9817 9823 9828 9832 9832 9832 9835 9845 9861
3356.0146 9881 9897 9906 9904 9892 9874 9854 9838 9832 9839 9856 9881 9906
3362.2820 9928 9943 9950 9951 9947 9937 9925 9911 9900 9893 9892 9895 9900
3368.5496 9905 9907 9904 9897 9887 9878 9872 9870 9873 9879 9885 9890 9893
3374.8171 9892 9889 9882 9873 9862 9854 9852 9856 9866 9879 9890 9897 9901
3381.0847 9904 9907 9910 9911 9907 9896 9879 9861 9849 9845 9851 9865 9881
3387.3521 9896 9908 9916 9922 9925 9924 9916 9904 9891 9884 9887 9901 9920
3393.6196 9936 9942 9939 9928 9917 9909 9907 9909 9912 9917 9923 9931 9938
3399.8872 9942 9940 9934 9927 9924 9925 9928 9929 9923 9911 9895 9880 9871
3406.1548 9869 9873 9880 9885 9885 9882 9877 9875 9881 9893 9909 9926 9942
3412.4221 9954 9963 9968 9968 9963 9952 9937 9920 9903 9890 9882 9884 9897
3418.6897 9921 9947 9967 9972 9961 9942 9925 9918 9924 9939 9953 9960 9957
3424.9573 9943 9923 9904 9891 9888 9894 9908 9924 9936 9944 9949 9951 9951
3431.2249 9947 9936 9919 9901 9892 9895 9910 9930 9943 9943 9931 9916 9906
3437.4922 9904 9907 9907 9898 9883 9867 9859 9864 9883 9906 9925 9935 9934
3443.7598 9928 9923 9924 9932 9943 9952 9955 9951 9938 9920 9900 9880 9867
3450.0273 9863 9872 9890 9910 9923 9924 9915 9901 9891 9888 9892 9898 9904
3456.2949 9909 9914 9923 9935 9948 9957 9958 9952 9940 9926 9917 9914 9917
3462.5623 9926 9938 9949 9954 9952 9939 9919 9895 9876 9870 9880 9901 9925
3468.8298 9943 9947 9940 9925 9908 9895 9886 9882 9882 9886 9892 9897 9898
3475.0974 9898 9899 9906 9922 9941 9956 9959 9947 9924 9903 9892 9896 9911
3481.3650 9928 9939 9940 9930 9917 9905 9896 9892 9891 9892 9894 9898 9908
3487.6323 9925 9946 9967 9984 9992 9992 9986 9977 9966 9952 9936 9918 9901
3493.8999 9890 9888 9895 9909 9925 9940 9954 9963 9969 9970 9964 9950 9931
3500.1675 9909 9888 9873 9867 9874 9892 9917 9943 9961 9966 9960 9944 9926
3506.4351 9906 9887 9870 9855 9848 9851 9864 9882 9896 9902 9901 9898 9901
3512.7024 9912 9924 9931 9926 9910 9888 9871 9864 9868 9879 9890 9897 9900
3518.9700 9900 9900 9900 9902 9903 9905 9905 9904 9902 9900 9900 9905 9917
3525.2375 9934 9949 9957 9954 9942 9929 9924 9932 9947 9956 9949 9921 9879
3531.5051 9837 9807 9797 9803 9816 9831 9847 9868 9901 9944 9992 10032 10055
3537.7725 10057 10040 10009 9972 9935 9904 9884 9879 9887 9904 9922 9933 9933
3544.0400 9924 9908 9888 9870 9859 9860 9872 9892 9913 9927 9933 9931 9925
3550.3076 9919 9911 9901 9891 9887 9895 9917 9946 9969 9976 9963 9939 9915
3556.5752 9903 9906 9922 9943 9961 9968 9963 9945 9919 9890 9867 9855 9854
3562.8425 9862 9870 9873 9872 9869 9870 9879 9895 9914 9931 9940 9941 9936
3569.1101 9926 9914 9902 9892 9887 9889 9895 9903 9910 9912 9907 9894 9875
3575.3777 9855 9838 9830 9832 9845 9863 9881 9895 9902 9904 9903 9901 9902
3581.6453 9907 9915 9923 9932 9940 9947 9955 9962 9964 9956 9935 9903 9868
3587.9126 9840 9825 9824 9834 9852 9872 9894 9913 9926 9932 9930 9924 9919
3594.1802 9916 9915 9913 9907 9900 9893 9892 9896 9907 9923 9940 9953 9959
3600.4478 9952 9934 9908 9885 9872 9871 9881 9895 9908 9916 9920 9918 9912
3606.7153 9903 9896 9897 9910 9936 9966 9988 9997 9993 9980 9963 9948 9937
3612.9829 9930 9926 9920 9913 9903 9892 9882 9875 9874 9877 9882 9884 9883
3619.2502 9881 9881 9886 9897 9911 9927 9944 9963 9981 9995 9999 9988 9961
3625.5178 9918 9866 9815 9775 9757 9768 9811 9868 9911 9929 9929 9924 9923
3631.7854 9929 9943 9957 9965 9963 9950 9936 9927 9927 9932 9937 9934 9924
3638.0530 9909 9901 9904 9919 9939 9956 9960 9948 9921 9889 9858 9837 9827
3644.3203 9826 9833 9842 9853 9864 9878 9894 9912 9928 9939 9942 9936 9924
3650.5879 9913 9906 9909 9920 9937 9957 9974 9982 9976 9954 9918 9880 9854
3656.8555 9846 9854 9873 9897 9922 9944 9959 9963 9956 9941 9924 9912 9908
3663.1230 9915 9930 9946 9959 9963 9957 9942 9921 9899 9880 9871 9873 9885
3669.3904 9897 9905 9908 9913 9925 9946 9971 9993 10006 10005 9988 9958 9928
3675.6580 9912 9907 9907 9911 9922 9945 9980 10017 10046 10054 10043 10018
3681.4434 9990 9966 9949 9938 9933 9933 9939 9948 9958 9964 9962 9951 9932
3687.7109 9915 9911 9925 9949 9974 9991 9998 9996 9990 9985 9983 9981 9977
3693.9785 9967 9953 9938 9926 9918 9918 9923 9932 9942 9951 9956 9956 9955
3700.2458 9955 9962 9977 9994 10001 9990 9964 9929 9894 9868 9856 9856 9863
3706.5134 9870 9874 9874 9874 9875 9880 9889 9901 9920 9947 9980 10009 10020
3712.7810 10007 9977 9946 9927 9928 9952 9988 10020 10033 10017 9977 9923 9873
3719.0486 9842 9835 9846 9867 9890 9910 9924 9930 9930 9929 9928 9928 9925
3725.3159 9916 9899 9877 9854 9836 9827 9825 9831 9845 9866 9894 9926 9953
3731.5835 9961 9946 9915 9881 9860 9857 9872 9894 9906 9895 9864 9831 9812
3737.8511 9817 9845 9889 9933 9964 9971 9956 9927 9899 9880 9875 9883 9898
3744.1187 9909 9900 9874 9844 9816 9793 9776 9766 9771 9794 9832 9873 9899
3750.3860 9904 9892 9870 9848 9836 9840 9853 9873 9898 9926 9958 9987 10005
3756.6536 10007 9992 9965 9932 9899 9874 9859 9857 9863 9873 9886 9900 9917
3762.9211 9938 9963 9989 10012 10024 10020 9999 9969 9937 9908 9882 9862 9851
3769.1887 9855 9875 9907 9939 9965 9983 9995 10003 10006 10003 9989 9965 9933
3775.4561 9898 9865 9837 9814 9796 9786 9788 9810 9852 9906 9956 9991 10004
3781.7236 9997 9975 9946 9919 9899 9890 9889 9894 9901 9910 9922 9938 9956
3787.9912 9972 9982 9981 9969 9952 9936 9926 9924 9928 9933 9934 9929 9917
3794.2588 9903 9893 9893 9904 9924 9942 9949 9941 9922 9897 9870 9846 9830
3800.5261 9828 9848 9888 9935 9970 9984 9980 9962 9939 9917 9901 9893 9895
3806.7937 9907 9925 9945 9961 9969 9965 9950 9928 9905 9888 9879 9879 9887
3813.0613 9901 9921 9946 9969 9980 9968 9932 9894 9872 9869 9878 9890 9897
3819.3289 9896 9890 9888 9901 9926 9949 9959 9956 9949 9944 9950 9967 9989
3825.5962 10009 10017 10010 9995 9978 9967 9960 9954 9945 9933 9923 9919 9922
3831.8638 9926 9924 9912 9889 9861 9837 9828 9839 9865 9902 9939 9970 9988
3838.1313 9993 9993 9996 10000 9998 9980 9943 9894 9850 9827 9837 9881 9944
3844.3989 10001 10032 10029 9999 9956 9912 9881 9867 9872 9887 9905 9919 9927
3850.6663 9933 9941 9958 9986 10017 10038 10037 10019 10000 9986 9974 9955
3856.4517 9927 9888 9849 9821 9810 9813 9825 9840 9858 9881 9911 9945 9973
3862.7192 9985 9974 9942 9899 9864 9851 9860 9880 9897 9903 9899 9891 9891
3868.9868 9908 9946 9985 10002 9989 9956 9916 9881 9861 9862 9878 9898 9910
3875.2544 9910 9903 9896 9894 9897 9903 9908 9907 9898 9881 9863 9853 9859
3881.5217 9880 9907 9935 9957 9971 9980 9989 10001 10013 10016 10003 9976 9945
3887.7893 9916 9896 9885 9881 9880 9881 9884 9891 9901 9910 9915 9915 9914
3894.0569 9916 9922 9931 9934 9929 9916 9901 9889 9884 9887 9892 9895 9896
3900.3245 9897 9899 9899 9895 9886 9875 9865 9860 9862 9872 9888 9909 9934
3906.5918 9959 9980 9991 9989 9977 9957 9934 9914 9897 9887 9889 9906 9940
3912.8594 9982 10022 10045 10046 10023 9985 9940 9896 9857 9824 9802 9794 9804
3919.1270 9832 9874 9919 9957 9983 9997 10000 9993 9977 9955 9932 9918 9920
3925.3945 9933 9950 9961 9960 9949 9931 9912 9894 9878 9864 9854 9848 9850
3931.6619 9860 9877 9896 9913 9928 9939 9946 9947 9944 9939 9938 9946 9962
3937.9294 9980 9992 9992 9982 9968 9958 9955 9953 9944 9921 9887 9853 9831
3944.1970 9827 9840 9864 9891 9916 9934 9943 9942 9936 9929 9924 9922 9921
3950.4646 9919 9915 9910 9908 9907 9906 9901 9891 9880 9875 9880 9894 9910
3956.7319 9921 9922 9913 9899 9883 9869 9857 9846 9835 9823 9811 9801 9796
3962.9995 9802 9822 9856 9900 9947 9987 10014 10027 10028 10023 10020 10020
3968.7849 10021 10018 10005 9982 9954 9930 9916 9912 9913 9911 9901 9887 9878
3975.0525 9881 9896 9915 9929 9934 9935 9940 9957 9983 10012 10032 10037 10027
3981.3201 10009 9990 9976 9967 9962 9958 9953 9949 9947 9948 9953 9962 9973
3987.5874 9985 9994 9997 9990 9974 9953 9934 9926 9934 9955 9979 9990 9979
3993.8550 9946 9904 9868 9852 9856 9874 9895 9912 9925 9937 9948 9958 9965
4000.1226 10021
##END= 
