##TITLE= RQQVIE
##JCAMP-DX= 4.24
##DATA TYPE= INFRARED SPECTRUM
##ORIGIN= JASCO
##OWNER= 
##DATE= 19/12/19
##TIME= 12:46:51
##SPECTROMETER/DATA SYSTEM= 
##RESOLUTION= 
##DELTAX=   0.48211674
##XUNITS= 1/CM
##YUNITS= TRANSMITTANCE
##XFACTOR= 1.00000
##YFACTOR= 0.0001
##FIRSTX=   649.8934
##LASTX=  4000.1226
##NPOINTS=     6950
##FIRSTY=      0.96775
##MAXY=      1.01372
##MINY=      0.58378
##XYDATA= (X++(Y..Y))
649.8934 9677 9643 9639 9683 9778 9902 10006 10034 9952 9775 9560 9374 9265
656.1609 9246 9291 9361 9424 9467 9500 9534 9575 9619 9660 9696 9729 9759 9777
662.9105 9772 9739 9686 9634 9603 9601 9623 9656 9679 9663 9575 9438 9354 9353
669.6602 9401 9468 9542 9610 9654 9653 9594 9490 9376 9292 9268 9313 9414 9548
676.4098 9692 9829 9945 10026 10052 10010 9910 9782 9674 9623 9640 9703 9769
682.6773 9803 9791 9751 9709 9686 9680 9671 9637 9574 9499 9442 9430 9468 9543
689.4269 9625 9690 9731 9755 9772 9785 9791 9789 9798 9827 9864 9899 9926 9935
696.1766 9918 9876 9819 9764 9730 9727 9756 9811 9879 9946 9997 10021 10016
702.4441 9989 9948 9898 9840 9774 9708 9656 9635 9655 9712 9784 9845 9874 9864
709.1937 9818 9740 9632 9495 9340 9191 9083 9047 9098 9223 9391 9565 9712 9832
715.9434 9876 9873 9838 9795 9766 9766 9799 9857 9924 9986 10031 10057 10063
722.2109 10046 10010 9963 9921 9900 9911 9949 9996 10031 10037 10014 9971 9928
728.4784 9899 9889 9895 9903 9899 9874 9829 9774 9725 9696 9694 9717 9758 9808
735.2280 9856 9894 9914 9911 9883 9831 9768 9710 9677 9679 9717 9773 9821 9838
741.9777 9817 9769 9720 9696 9703 9732 9760 9764 9739 9697 9658 9637 9637 9651
748.7273 9661 9655 9628 9587 9543 9506 9481 9467 9454 9435 9403 9358 9306 9248
755.4769 9188 9123 9046 8953 8843 8716 8573 8411 8225 8013 7774 7520 7272 7058
762.2266 6904 6830 6840 6929 7077 7258 7448 7622 7763 7861 7911 7921 7909 7900
768.9762 7921 7989 8109 8269 8452 8639 8818 8984 9137 9278 9403 9506 9579 9617
775.7258 9624 9606 9573 9530 9477 9406 9313 9194 9058 8920 8801 8726 8714 8773
782.4755 8892 9047 9203 9333 9420 9466 9486 9502 9531 9584 9661 9752 9841 9908
789.2251 9936 9916 9859 9786 9723 9692 9697 9730 9773 9808 9832 9848 9867 9890
795.9747 9909 9912 9892 9856 9822 9812 9836 9882 9924 9939 9914 9861 9805 9771
802.7244 9770 9800 9847 9893 9928 9947 9950 9942 9930 9921 9921 9932 9949 9967
809.4740 9982 9990 9996 9997 9990 9965 9915 9838 9742 9639 9541 9454 9378 9308
816.2236 9244 9188 9148 9132 9145 9184 9240 9299 9350 9383 9395 9390 9376 9361
822.9733 9357 9368 9395 9431 9465 9491 9504 9505 9498 9483 9464 9445 9439 9457
829.7229 9503 9570 9633 9668 9658 9607 9539 9478 9442 9435 9450 9476 9506 9538
836.4725 9568 9590 9597 9585 9556 9518 9481 9453 9434 9420 9406 9392 9378 9368
843.2222 9366 9369 9377 9386 9395 9402 9404 9399 9386 9364 9335 9304 9273 9246
849.9718 9226 9213 9204 9198 9198 9205 9224 9255 9293 9332 9360 9373 9370 9361
856.7214 9354 9355 9361 9365 9358 9335 9294 9240 9178 9113 9049 8989 8931 8869
863.4711 8794 8699 8583 8454 8333 8241 8196 8203 8257 8340 8431 8516 8591 8661
870.2207 8736 8824 8926 9037 9146 9242 9316 9368 9402 9427 9449 9473 9497 9516
876.9703 9525 9525 9518 9508 9497 9482 9459 9421 9366 9299 9231 9175 9142 9138
883.7200 9160 9199 9244 9288 9329 9370 9413 9459 9500 9528 9538 9529 9509 9488
890.4696 9472 9462 9456 9446 9430 9407 9380 9353 9329 9311 9296 9281 9263 9239
897.2192 9211 9182 9160 9150 9153 9164 9176 9183 9186 9191 9208 9242 9290 9344
903.9689 9388 9412 9410 9385 9347 9307 9272 9249 9238 9238 9250 9279 9326 9392
910.7185 9471 9550 9614 9652 9662 9654 9641 9636 9645 9664 9683 9691 9684 9662
917.4681 9633 9605 9584 9571 9566 9566 9569 9575 9583 9591 9597 9596 9585 9563
924.2178 9535 9507 9485 9469 9457 9441 9418 9386 9350 9315 9287 9267 9251 9235
930.9674 9215 9190 9159 9121 9075 9021 8963 8911 8878 8874 8907 8973 9063 9160
937.7170 9251 9327 9386 9432 9470 9504 9535 9563 9585 9601 9608 9607 9599 9587
944.4667 9577 9571 9571 9575 9580 9587 9598 9615 9641 9673 9705 9732 9748 9755
951.2163 9755 9752 9747 9742 9735 9725 9713 9700 9689 9681 9677 9678 9682 9686
957.9659 9687 9681 9668 9648 9627 9611 9605 9612 9627 9644 9654 9653 9640 9621
964.7156 9605 9596 9596 9603 9613 9619 9617 9602 9574 9535 9489 9444 9409 9387
971.4652 9379 9381 9389 9395 9396 9389 9373 9351 9326 9303 9283 9265 9247 9224
978.2148 9196 9164 9132 9102 9073 9044 9014 8983 8952 8920 8885 8840 8784 8720
984.9645 8655 8595 8545 8505 8469 8432 8390 8341 8285 8222 8152 8078 8002 7926
991.7141 7856 7795 7749 7720 7710 7714 7730 7752 7777 7803 7833 7872 7924 7993
998.4637 8080 8180 8289 8401 8509 8610 8701 8777 8837 8879 8900 8901 8885 8859
1005.2134 8829 8806 8794 8796 8811 8834 8858 8879 8896 8910 8923 8939 8960
1011.4809 8988 9026 9078 9146 9227 9310 9382 9434 9463 9475 9482 9492 9507
1017.7484 9523 9533 9533 9524 9512 9503 9500 9505 9514 9524 9532 9533 9526
1024.0160 9511 9489 9466 9446 9435 9433 9436 9441 9444 9439 9424 9396 9355
1030.2834 9303 9244 9187 9138 9103 9082 9070 9064 9060 9057 9059 9066 9077
1036.5510 9085 9084 9069 9039 8994 8939 8876 8808 8737 8669 8607 8554 8506
1042.8185 8461 8414 8363 8311 8263 8224 8198 8188 8194 8218 8265 8340 8446
1049.0861 8582 8742 8915 9088 9248 9388 9506 9603 9681 9742 9785 9810 9819
1055.3535 9818 9814 9815 9825 9845 9869 9894 9916 9932 9941 9943 9939 9931
1061.6211 9922 9919 9925 9940 9960 9976 9982 9975 9959 9939 9924 9916 9915
1067.8885 9918 9919 9918 9914 9910 9909 9909 9910 9904 9889 9864 9836 9814
1074.1561 9805 9812 9827 9843 9851 9851 9846 9841 9838 9833 9824 9811 9798
1080.4236 9791 9790 9791 9785 9769 9742 9714 9694 9690 9700 9717 9730 9733
1086.6912 9722 9702 9677 9653 9634 9618 9604 9590 9573 9550 9518 9478 9429
1092.9586 9374 9320 9271 9236 9215 9208 9206 9202 9189 9162 9121 9066 9001
1099.2262 8928 8856 8791 8740 8711 8705 8722 8761 8820 8896 8985 9079 9170
1105.4937 9249 9310 9354 9384 9406 9427 9450 9472 9493 9508 9515 9516 9514
1111.7612 9512 9513 9520 9529 9538 9540 9532 9514 9489 9463 9439 9418 9397
1118.0287 9372 9345 9318 9301 9298 9309 9327 9342 9344 9328 9297 9257 9215
1124.2963 9173 9130 9084 9033 8976 8916 8858 8807 8765 8731 8703 8675 8648
1130.5637 8623 8602 8591 8592 8609 8639 8681 8731 8785 8840 8892 8939 8979
1136.8313 9014 9043 9066 9084 9098 9108 9116 9123 9128 9129 9127 9120 9107
1143.0988 9090 9069 9046 9024 9003 8984 8963 8938 8907 8869 8828 8786 8747
1149.3663 8710 8673 8633 8588 8539 8487 8436 8389 8348 8316 8290 8268 8246
1155.6338 8219 8190 8159 8131 8107 8089 8075 8064 8055 8044 8033 8020 8006
1161.9014 7992 7977 7962 7945 7921 7890 7852 7808 7764 7722 7687 7660 7645
1168.1688 7643 7656 7686 7731 7790 7860 7938 8018 8094 8165 8226 8279 8323
1174.4364 8357 8380 8389 8384 8367 8341 8312 8282 8254 8226 8198 8167 8132
1180.7039 8094 8056 8021 7990 7962 7933 7900 7860 7813 7763 7715 7673 7639
1186.9714 7610 7584 7555 7520 7480 7438 7398 7363 7334 7308 7280 7248 7209
1193.2389 7164 7116 7065 7013 6957 6898 6836 6771 6705 6642 6581 6523 6466
1199.5065 6406 6344 6274 6201 6129 6061 6002 5954 5916 5886 5862 5845 5838
1205.7739 5845 5870 5913 5971 6038 6110 6183 6255 6322 6382 6431 6465 6485
1212.0415 6492 6491 6487 6483 6481 6482 6487 6499 6518 6546 6584 6631 6688
1218.3090 6753 6827 6908 6992 7077 7161 7245 7329 7415 7503 7591 7676 7753
1224.5765 7822 7884 7943 8001 8058 8109 8152 8181 8197 8203 8203 8201 8197
1230.8440 8192 8183 8170 8155 8140 8128 8121 8122 8134 8160 8198 8248 8308
1237.1116 8374 8443 8514 8584 8647 8700 8737 8758 8763 8757 8746 8729 8708
1243.3790 8679 8640 8591 8531 8461 8382 8296 8202 8103 7999 7891 7779 7663
1249.6466 7545 7428 7313 7202 7096 6997 6907 6827 6760 6704 6659 6625 6604
1255.9141 6600 6618 6659 6722 6803 6895 6994 7093 7187 7271 7342 7398 7438
1262.1816 7464 7477 7478 7467 7445 7414 7377 7337 7294 7249 7198 7143 7086
1268.4491 7030 6980 6937 6901 6871 6843 6816 6789 6761 6735 6714 6697 6686
1274.7167 6679 6674 6670 6669 6672 6681 6697 6719 6746 6776 6811 6852 6901
1280.9841 6958 7022 7090 7162 7236 7311 7385 7454 7516 7568 7608 7639 7662
1287.2517 7678 7687 7689 7682 7667 7646 7622 7602 7591 7594 7614 7652 7706
1293.5192 7770 7841 7917 7995 8076 8161 8250 8344 8439 8534 8627 8718 8806
1299.7867 8892 8976 9057 9134 9206 9272 9331 9383 9431 9476 9520 9565 9609
1306.0542 9651 9687 9717 9743 9766 9791 9819 9849 9878 9901 9917 9925 9928
1312.3218 9928 9928 9929 9934 9942 9953 9967 9981 9994 10003 10007 10005 9999
1318.5892 9993 9990 9990 9993 9996 9999 10000 10000 9997 9992 9984 9973 9960
1324.8568 9949 9940 9936 9933 9928 9919 9906 9892 9879 9869 9862 9857 9854
1331.1243 9851 9849 9847 9845 9840 9830 9815 9795 9773 9750 9727 9704 9681
1337.3918 9659 9637 9616 9593 9567 9539 9508 9477 9446 9413 9377 9335 9287
1343.6593 9234 9177 9120 9062 9003 8941 8877 8811 8747 8685 8626 8571 8520
1349.9269 8475 8439 8413 8402 8405 8425 8460 8510 8571 8640 8712 8779 8840
1356.1943 8892 8936 8973 9002 9022 9031 9031 9024 9014 9005 9000 8996 8993
1362.4619 8987 8977 8964 8951 8941 8935 8932 8932 8932 8929 8922 8912 8900
1368.7294 8889 8879 8866 8850 8829 8803 8776 8750 8727 8708 8692 8677 8662
1374.9969 8646 8627 8608 8588 8572 8561 8556 8558 8564 8569 8566 8553 8526
1381.2644 8486 8437 8383 8332 8292 8270 8273 8302 8354 8427 8521 8633 8756
1387.5320 8878 8988 9079 9156 9224 9288 9348 9404 9452 9490 9519 9542 9558
1393.7994 9569 9577 9586 9596 9606 9616 9623 9629 9632 9634 9635 9635 9635
1400.0670 9633 9630 9625 9617 9607 9593 9575 9554 9530 9505 9482 9458 9434
1406.3345 9408 9378 9347 9316 9289 9268 9253 9243 9239 9240 9248 9260 9274
1412.6021 9285 9289 9286 9275 9259 9237 9212 9184 9156 9132 9111 9092 9072
1418.8695 9049 9025 9005 8990 8979 8973 8970 8967 8963 8954 8937 8912 8877
1425.1371 8833 8780 8718 8649 8575 8502 8433 8369 8310 8258 8217 8189 8177
1431.4045 8179 8192 8214 8240 8264 8281 8292 8299 8306 8318 8336 8357 8369
1437.6721 8365 8346 8319 8288 8257 8228 8201 8178 8159 8146 8138 8138 8148
1443.9396 8169 8199 8236 8277 8322 8369 8423 8485 8555 8627 8692 8747 8791
1450.2072 8830 8868 8907 8948 8988 9024 9050 9066 9073 9075 9075 9077 9082
1456.4746 9091 9104 9121 9139 9158 9181 9205 9228 9247 9261 9267 9269 9266
1462.7422 9260 9252 9240 9222 9199 9173 9149 9128 9111 9099 9093 9092 9098
1469.0096 9107 9120 9134 9147 9158 9165 9168 9169 9168 9164 9155 9139 9118
1475.2772 9090 9057 9022 8986 8953 8920 8885 8846 8800 8748 8693 8639 8592
1481.5447 8557 8534 8521 8518 8521 8531 8547 8570 8601 8645 8705 8780 8865
1487.8123 8949 9027 9099 9169 9241 9313 9375 9421 9451 9472 9486 9498 9506
1494.0797 9512 9513 9508 9497 9480 9461 9441 9420 9397 9372 9346 9320 9296
1500.3473 9275 9254 9233 9211 9186 9160 9130 9099 9064 9020 8960 8883 8800
1506.6147 8745 8734 8753 8789 8837 8893 8957 9024 9094 9168 9247 9328 9405
1512.8823 9468 9515 9546 9565 9578 9586 9593 9603 9623 9653 9684 9709 9725
1519.1498 9735 9740 9740 9734 9726 9719 9715 9710 9705 9704 9707 9713 9716
1525.4174 9714 9705 9691 9673 9655 9639 9627 9617 9608 9598 9586 9574 9562
1531.6848 9551 9541 9531 9521 9510 9497 9481 9462 9440 9417 9395 9376 9358
1537.9524 9337 9308 9269 9232 9212 9210 9217 9231 9250 9274 9304 9339 9384
1544.2198 9444 9517 9598 9671 9726 9763 9789 9810 9830 9849 9868 9889 9913
1550.4874 9941 9968 9992 10012 10026 10034 10032 10021 10005 9993 9987 9989
1556.2728 9996 10004 10006 9994 9968 9950 9962 9986 9997 9993 9983 9976 9974
1562.5403 9975 9975 9968 9951 9928 9907 9892 9883 9879 9875 9871 9867 9866
1568.8079 9872 9886 9908 9930 9945 9956 9966 9976 9988 10000 10011 10020 10025
1575.0753 10021 10006 9984 9966 9957 9953 9951 9951 9950 9947 9941 9932 9923
1581.3429 9913 9901 9887 9869 9847 9824 9801 9782 9768 9759 9754 9749 9743
1587.6104 9736 9730 9726 9726 9730 9737 9745 9753 9761 9768 9774 9780 9785
1593.8779 9788 9787 9783 9777 9771 9766 9762 9759 9753 9745 9732 9715 9696
1600.1454 9677 9659 9643 9626 9607 9583 9556 9528 9499 9471 9442 9410 9374
1606.4130 9335 9294 9255 9220 9190 9165 9145 9129 9116 9103 9091 9078 9062
1612.6804 9044 9022 8998 8975 8955 8941 8934 8937 8950 8968 8978 8978 8974
1618.9480 8973 8978 8991 9010 9031 9054 9080 9114 9161 9221 9286 9342 9384
1625.2155 9417 9445 9473 9501 9528 9552 9570 9583 9591 9596 9599 9601 9600
1631.4830 9594 9584 9571 9558 9548 9541 9535 9530 9530 9535 9540 9542 9540
1637.7506 9538 9537 9537 9537 9539 9540 9541 9539 9533 9520 9502 9482 9461
1644.0181 9443 9425 9407 9384 9358 9333 9313 9300 9292 9286 9282 9278 9277
1650.2856 9280 9291 9305 9319 9319 9307 9310 9334 9357 9372 9384 9399 9416
1656.5531 9432 9446 9455 9458 9455 9447 9436 9422 9411 9403 9399 9398 9397
1662.8207 9392 9380 9364 9345 9329 9317 9310 9307 9307 9306 9301 9290 9273
1669.0881 9254 9238 9229 9225 9224 9226 9227 9227 9224 9218 9208 9192 9170
1675.3557 9145 9121 9094 9062 9024 8983 8939 8893 8845 8796 8747 8698 8649
1681.6232 8603 8559 8515 8465 8400 8321 8243 8171 8100 8027 7953 7879 7805
1687.8907 7732 7664 7605 7559 7524 7499 7483 7473 7468 7465 7463 7461 7459
1694.1582 7461 7471 7501 7559 7632 7687 7709 7710 7705 7701 7705 7721 7756
1700.4258 7796 7805 7774 7725 7672 7620 7567 7513 7457 7400 7340 7276 7205
1706.6932 7129 7051 6974 6900 6830 6764 6707 6664 6639 6633 6643 6667 6704
1712.9608 6759 6843 6963 7118 7288 7449 7590 7715 7844 7992 8161 8321 8441
1719.2283 8520 8575 8624 8672 8723 8772 8820 8865 8910 8956 9001 9043 9080
1725.4958 9111 9136 9158 9179 9199 9221 9244 9269 9295 9321 9342 9357 9368
1731.7633 9377 9386 9397 9406 9415 9422 9421 9407 9386 9365 9350 9342 9342
1738.0309 9347 9354 9361 9369 9376 9381 9384 9386 9389 9395 9403 9416 9433
1744.2983 9453 9472 9490 9503 9510 9512 9511 9511 9515 9523 9534 9543 9553
1750.5659 9565 9581 9601 9620 9636 9646 9653 9660 9668 9678 9688 9696 9700
1756.8334 9701 9701 9700 9703 9708 9716 9725 9732 9736 9737 9735 9733 9733
1763.1010 9735 9739 9746 9755 9764 9773 9781 9790 9801 9812 9820 9821 9815
1769.3684 9804 9794 9788 9788 9793 9802 9814 9824 9828 9828 9827 9826 9827
1775.6360 9829 9832 9837 9841 9844 9846 9846 9843 9839 9836 9837 9842 9847
1781.9034 9851 9852 9852 9852 9853 9854 9856 9856 9855 9852 9850 9850 9853
1788.1710 9858 9863 9867 9868 9865 9860 9852 9844 9840 9839 9841 9842 9842
1794.4385 9841 9840 9839 9837 9836 9835 9836 9840 9846 9852 9857 9858 9856
1800.7061 9852 9849 9847 9849 9854 9860 9865 9868 9869 9867 9863 9860 9856
1806.9735 9854 9854 9856 9859 9863 9866 9866 9864 9859 9855 9852 9851 9852
1813.2411 9853 9854 9856 9858 9863 9868 9872 9873 9869 9862 9854 9848 9846
1819.5085 9850 9857 9866 9873 9878 9880 9881 9880 9878 9875 9874 9877 9884
1825.7761 9893 9899 9900 9894 9885 9874 9866 9861 9861 9863 9863 9858 9852
1832.0436 9848 9848 9853 9861 9869 9876 9880 9884 9887 9890 9893 9894 9894
1838.3112 9891 9885 9876 9865 9855 9847 9845 9850 9859 9871 9879 9883 9882
1844.5786 9882 9883 9885 9887 9886 9882 9877 9872 9871 9875 9882 9890 9898
1850.8462 9903 9907 9910 9913 9916 9917 9916 9913 9908 9900 9892 9883 9876
1857.1136 9873 9874 9879 9887 9895 9900 9901 9897 9891 9884 9879 9878 9879
1863.3812 9882 9886 9889 9888 9882 9872 9858 9845 9838 9841 9852 9870 9886
1869.6487 9897 9902 9904 9908 9916 9926 9934 9936 9928 9913 9896 9881 9873
1875.9163 9872 9879 9889 9900 9912 9922 9931 9938 9940 9936 9925 9908 9891
1882.1837 9880 9877 9883 9892 9900 9902 9899 9892 9885 9881 9880 9883 9888
1888.4513 9895 9902 9906 9906 9901 9891 9878 9866 9859 9856 9859 9866 9877
1894.7188 9891 9906 9921 9931 9935 9930 9918 9902 9887 9879 9879 9884 9893
1900.9863 9900 9904 9904 9903 9900 9897 9895 9892 9891 9892 9896 9900 9904
1907.2538 9906 9906 9904 9904 9907 9911 9916 9919 9918 9913 9904 9893 9883
1913.5214 9876 9874 9880 9893 9909 9923 9932 9932 9924 9915 9909 9908 9913
1919.7888 9917 9920 9920 9918 9915 9913 9910 9908 9904 9901 9897 9894 9890
1926.0564 9885 9878 9872 9869 9870 9875 9882 9888 9893 9898 9905 9917 9933
1932.3239 9948 9958 9960 9953 9943 9934 9930 9931 9933 9935 9934 9933 9934
1938.5914 9939 9945 9948 9945 9938 9929 9922 9920 9920 9919 9916 9913 9916
1944.8589 9928 9948 9972 9990 9997 9988 9966 9938 9910 9887 9874 9872 9880
1951.1265 9895 9913 9930 9943 9950 9953 9953 9951 9950 9951 9956 9963 9970
1957.3939 9976 9980 9982 9985 9988 9991 9990 9983 9971 9955 9942 9933 9931
1963.6615 9933 9938 9941 9941 9937 9932 9931 9938 9954 9974 9992 10000 9996
1969.9290 9982 9965 9951 9945 9944 9944 9940 9931 9922 9921 9932 9956 9988
1976.1965 10017 10036 10042 10036 10024 10010 9997 9982 9964 9944 9927 9918
1981.9819 9921 9934 9953 9971 9983 9987 9985 9982 9981 9984 9988 9988 9980
1988.2494 9964 9944 9926 9915 9913 9921 9931 9940 9944 9942 9939 9938 9940
1994.5170 9946 9955 9966 9978 9990 9998 10002 10001 9997 9991 9984 9975 9962
2000.7844 9944 9924 9907 9898 9900 9910 9923 9932 9934 9930 9925 9924 9929
2007.0520 9940 9955 9969 9981 9991 9999 10005 10007 10003 9991 9975 9961 9956
2013.3195 9965 9988 10017 10043 10056 10052 10035 10011 9989 9973 9960 9946
2019.1049 9931 9915 9905 9905 9918 9942 9971 9996 10012 10016 10011 10002 9996
2025.3724 9996 10003 10012 10017 10014 10003 9991 9983 9984 9993 10003 10007
2031.1578 10002 9989 9974 9963 9961 9966 9976 9986 9992 9992 9987 9976 9966
2037.4253 9959 9960 9974 9997 10023 10045 10053 10046 10025 9999 9974 9956
2043.2107 9948 9948 9954 9962 9970 9975 9976 9974 9968 9959 9947 9935 9924
2049.4783 9917 9916 9921 9929 9938 9947 9956 9967 9978 9988 9992 9986 9973
2055.7458 9956 9944 9940 9944 9953 9958 9958 9952 9944 9940 9940 9945 9953
2062.0132 9962 9971 9977 9979 9975 9965 9952 9940 9932 9930 9935 9946 9961
2068.2808 9978 9995 10009 10018 10019 10011 9996 9976 9955 9939 9930 9933 9946
2074.5483 9966 9984 9994 9993 9981 9966 9953 9945 9943 9944 9947 9949 9952
2080.8159 9955 9957 9958 9955 9949 9943 9938 9939 9944 9951 9957 9960 9959
2087.0833 9955 9950 9946 9942 9939 9934 9928 9923 9921 9923 9930 9940 9949
2093.3508 9955 9956 9953 9948 9941 9935 9933 9936 9945 9958 9971 9980 9983
2099.6184 9981 9977 9973 9972 9976 9983 9993 10001 10005 10003 9993 9979 9966
2105.8860 9958 9953 9950 9943 9932 9921 9912 9908 9907 9905 9900 9897 9899
2112.1533 9913 9938 9966 9988 9997 9992 9980 9969 9965 9969 9977 9982 9980
2118.4209 9973 9963 9955 9954 9960 9968 9974 9972 9961 9944 9927 9916 9913
2124.6885 9919 9930 9943 9956 9967 9976 9983 9989 9993 9994 9993 9991 9991
2130.9561 9993 9996 9998 9994 9984 9969 9954 9946 9948 9962 9983 10004 10017
2137.2234 10019 10007 9987 9967 9953 9950 9957 9970 9984 9995 10003 10008
2143.0088 10012 10016 10018 10017 10010 9999 9985 9973 9966 9964 9966 9968
2148.7942 9968 9969 9975 9987 10004 10019 10029 10030 10025 10019 10015 10015
2154.5796 10017 10020 10023 10027 10033 10040 10045 10046 10040 10030 10020
2159.8831 10010 10003 9997 9993 9992 9998 10010 10026 10040 10048 10048 10041
2165.6685 10030 10016 10003 9992 9983 9977 9973 9971 9972 9974 9980 9988 9999
2171.9358 10010 10019 10025 10029 10032 10036 10040 10039 10030 10013 9994
2177.2393 9979 9976 9985 10004 10024 10037 10040 10033 10023 10014 10006 9999
2183.0247 9990 9979 9969 9963 9964 9973 9987 10005 10025 10043 10054 10053
2188.8101 10038 10009 9974 9944 9927 9927 9940 9960 9978 9991 9997 9999 9999
2195.0774 9998 9996 9992 9987 9982 9979 9980 9983 9987 9989 9989 9989 9992
2201.3450 10003 10023 10049 10071 10082 10076 10054 10023 9995 9976 9971 9975
2207.1304 9983 9989 9991 9991 9992 9997 10008 10022 10036 10046 10047 10039
2212.9158 10024 10006 9988 9976 9971 9971 9975 9978 9980 9982 9987 9994 10003
2219.1833 10012 10019 10023 10025 10026 10024 10018 10011 10004 10000 10005
2224.4866 10015 10027 10032 10025 10005 9979 9958 9949 9955 9971 9991 10008
2230.2720 10019 10025 10027 10022 10011 9991 9966 9945 9934 9938 9957 9982
2236.0574 10006 10021 10027 10024 10016 10007 9999 9994 9993 9996 10003 10011
2241.8428 10016 10018 10015 10011 10007 10006 10006 10008 10008 10006 10003
2247.1460 9999 9996 9992 9988 9984 9982 9984 9991 10003 10015 10021 10018
2252.9314 10006 9989 9976 9972 9977 9989 9999 10004 10002 9997 9994 9992 9990
2259.1990 9985 9977 9965 9957 9956 9964 9978 9995 10010 10019 10025 10028
2264.9844 10029 10027 10020 10009 9998 9992 9995 10007 10022 10035 10041 10039
2270.7698 10033 10025 10016 10007 9997 9987 9980 9978 9981 9986 9989 9988 9982
2277.0374 9974 9967 9963 9961 9962 9964 9967 9970 9973 9977 9980 9984 9987
2283.3049 9989 9989 9986 9979 9970 9961 9953 9949 9949 9952 9957 9960 9961
2289.5723 9962 9962 9965 9969 9973 9977 9981 9984 9988 9993 9995 9995 9989
2295.8398 9980 9969 9957 9947 9941 9939 9943 9950 9958 9964 9966 9963 9958
2302.1074 9953 9951 9955 9963 9973 9981 9984 9979 9967 9952 9939 9932 9932
2308.3750 9937 9943 9947 9949 9951 9957 9969 9983 9998 10007 10008 10002 9990
2314.6423 9977 9965 9958 9955 9955 9956 9956 9954 9951 9949 9948 9948 9948
2320.9099 9947 9945 9943 9940 9938 9938 9940 9943 9949 9958 9969 9980 9987
2327.1775 9985 9971 9946 9917 9890 9876 9881 9903 9939 9976 10006 10019 10017
2333.4451 10002 9984 9969 9962 9961 9964 9964 9961 9955 9947 9943 9944 9951
2339.7124 9963 9975 9984 9986 9981 9975 9970 9969 9969 9966 9956 9942 9931
2345.9800 9929 9937 9950 9963 9968 9965 9956 9942 9929 9921 9923 9936 9957
2352.2476 9977 9989 9987 9971 9944 9914 9888 9873 9870 9879 9899 9926 9957
2358.5151 9986 10010 10023 10022 10008 9986 9962 9944 9935 9934 9939 9945 9949
2364.7825 9951 9950 9948 9948 9951 9959 9970 9979 9982 9976 9964 9954 9951
2371.0500 9959 9974 9989 9996 9996 9991 9986 9983 9981 9980 9975 9969 9962
2377.3176 9958 9957 9958 9959 9958 9954 9950 9948 9949 9957 9968 9983 9998
2383.5852 10011 10020 10024 10023 10017 10007 9997 9989 9985 9986 9991 9998
2389.3706 10004 10007 10008 10008 10008 10010 10014 10017 10018 10016 10011
2394.6738 10007 10005 10006 10010 10013 10014 10012 10011 10012 10018 10027
2399.9771 10035 10039 10037 10031 10025 10023 10024 10029 10032 10030 10024
2405.2803 10016 10010 10008 10013 10021 10029 10036 10040 10041 10040 10038
2410.5837 10034 10028 10022 10016 10012 10013 10018 10027 10035 10040 10038
2415.8870 10031 10019 10009 10003 10004 10012 10022 10032 10038 10040 10040
2421.1902 10039 10037 10035 10032 10028 10024 10021 10019 10020 10021 10024
2426.4934 10027 10032 10037 10044 10049 10051 10048 10039 10025 10010 9996
2431.7969 9987 9984 9987 9993 10003 10013 10022 10029 10037 10044 10052 10059
2437.5823 10062 10060 10052 10040 10028 10018 10012 10009 10008 10008 10009
2442.8855 10010 10010 10009 10005 9999 9992 9985 9982 9985 9994 10008 10025
2448.6709 10039 10048 10050 10047 10043 10040 10039 10039 10037 10032 10024
2453.9741 10016 10011 10010 10011 10013 10015 10015 10013 10011 10012 10016
2459.2773 10025 10035 10044 10050 10049 10044 10035 10024 10013 10005 10001
2464.5808 10003 10010 10020 10030 10037 10038 10037 10034 10031 10029 10026
2469.8840 10019 10009 9999 9991 9988 9990 9994 9998 10000 10001 10002 10004
2475.6694 10010 10017 10023 10028 10030 10031 10033 10038 10044 10049 10050
2480.9727 10048 10042 10037 10032 10027 10023 10017 10010 10003 9998 9995 9995
2486.7581 9997 10003 10011 10018 10024 10024 10020 10013 10008 10007 10012
2492.0613 10019 10026 10028 10025 10018 10009 10000 9993 9990 9989 9991 9993
2497.8467 9994 9994 9993 9994 10000 10011 10025 10039 10050 10054 10050 10041
2503.6321 10030 10018 10010 10005 10002 10002 10003 10003 10003 10002 10001
2508.9355 10002 10004 10007 10011 10013 10015 10020 10027 10038 10048 10052
2514.2388 10048 10035 10019 10007 10002 10007 10018 10031 10042 10050 10054
2519.5420 10054 10049 10038 10022 10005 9992 9987 9992 10006 10023 10039 10050
2525.3274 10053 10049 10040 10029 10020 10015 10016 10020 10023 10025 10023
2530.6306 10021 10021 10024 10028 10032 10032 10029 10024 10020 10016 10014
2535.9341 10013 10012 10012 10013 10015 10018 10022 10026 10029 10031 10031
2541.2373 10028 10022 10014 10007 10001 9997 9997 10001 10010 10023 10037
2546.5405 10048 10052 10050 10042 10032 10023 10019 10019 10024 10031 10038
2551.8438 10043 10043 10036 10026 10017 10012 10014 10021 10029 10034 10034
2557.1472 10027 10017 10005 9993 9984 9977 9975 9976 9982 9990 9998 10006
2562.9326 10014 10022 10031 10039 10046 10048 10044 10036 10024 10011 10000
2568.2358 9993 9992 9997 10006 10016 10025 10029 10029 10025 10019 10012 10003
2574.0212 9991 9977 9964 9956 9955 9962 9975 9988 10000 10010 10019 10028
2579.8066 10036 10040 10038 10029 10016 10002 9991 9984 9981 9981 9983 9987
2585.5920 9994 10000 10006 10008 10007 10005 10004 10005 10009 10013 10014
2590.8953 10013 10008 10002 9996 9991 9990 9993 9998 10006 10013 10019 10023
2596.6807 10022 10019 10015 10012 10010 10009 10010 10011 10013 10014 10016
2601.9839 10016 10016 10015 10015 10016 10017 10019 10019 10016 10011 10003
2607.2874 9996 9990 9988 9988 9991 9994 9997 9998 10000 10002 10008 10015
2613.0728 10024 10029 10030 10025 10017 10010 10007 10009 10013 10017 10016
2618.3760 10010 10003 9998 9997 10001 10006 10011 10014 10015 10017 10018
2623.6792 10019 10018 10015 10009 10003 10000 9999 10001 10004 10008 10010
2628.9827 10010 10008 10004 10000 9997 9997 9998 9998 9998 9996 9993 9991 9991
2635.2500 9993 9997 10000 10002 10003 10001 9998 9993 9986 9979 9972 9965 9959
2641.5176 9956 9958 9966 9979 9994 10006 10013 10012 10006 9999 9995 9994 9995
2647.7852 9998 9999 9998 9996 9993 9988 9984 9981 9979 9979 9982 9986 9989
2654.0527 9989 9987 9982 9979 9978 9981 9987 9993 9997 9996 9993 9989 9988
2660.3201 9991 9994 9997 9996 9993 9990 9989 9990 9994 9998 10000 9998 9995
2666.5876 9992 9991 9991 9993 9994 9993 9989 9984 9978 9974 9973 9976 9979
2672.8552 9981 9981 9978 9975 9972 9970 9969 9970 9971 9973 9976 9978 9980
2679.1228 9981 9982 9984 9987 9991 9994 9994 9992 9989 9986 9984 9984 9986
2685.3901 9987 9988 9987 9986 9984 9983 9982 9980 9977 9973 9970 9970 9972
2691.6577 9979 9987 9996 10003 10008 10011 10014 10016 10017 10015 10009 9998
2697.4431 9985 9974 9968 9967 9973 9982 9992 10000 10006 10009 10008 10005
2703.2285 10000 9994 9990 9990 9995 10001 10007 10009 10005 9997 9989 9986
2709.0139 9987 9993 10000 10005 10005 10004 10002 10001 10003 10006 10008
2714.3171 10008 10007 10006 10005 10004 10001 9997 9991 9986 9984 9986 9992
2720.1025 9999 10005 10008 10008 10006 10003 10002 10002 10004 10004 10001
2725.4060 9994 9987 9980 9978 9982 9991 10002 10011 10016 10015 10010 10003
2731.1914 9995 9990 9986 9984 9985 9989 9993 9996 9997 9994 9990 9986 9984
2737.4587 9986 9991 9996 10000 10002 10003 10004 10005 10005 10005 10003 10000
2743.2441 9996 9995 9995 9998 10001 10002 9999 9993 9986 9981 9980 9983 9988
2749.5117 9994 9998 10002 10006 10010 10014 10016 10015 10012 10007 10001 9995
2755.2971 9990 9986 9984 9984 9984 9984 9983 9981 9977 9973 9971 9971 9974
2761.5647 9977 9979 9980 9978 9973 9967 9960 9957 9957 9963 9973 9984 9992
2767.8323 9997 9999 10000 10001 10003 10006 10008 10008 10005 9999 9989 9980
2773.6177 9975 9975 9981 9990 9998 9999 9994 9984 9975 9971 9972 9977 9980
2779.8850 9977 9971 9963 9959 9961 9970 9982 9995 10003 10005 9999 9988 9973
2786.1526 9960 9951 9950 9955 9963 9970 9972 9969 9966 9965 9967 9972 9976
2792.4202 9975 9970 9961 9953 9948 9947 9951 9958 9965 9972 9977 9978 9976
2798.6877 9972 9968 9966 9966 9969 9971 9971 9966 9958 9947 9939 9935 9937
2804.9551 9944 9954 9964 9974 9980 9984 9983 9980 9974 9967 9960 9955 9951
2811.2227 9948 9944 9940 9937 9934 9932 9933 9936 9942 9951 9962 9972 9977
2817.4902 9975 9966 9951 9935 9923 9918 9921 9930 9940 9947 9949 9945 9938
2823.7578 9931 9926 9923 9920 9916 9910 9903 9897 9896 9899 9906 9912 9916
2830.0251 9917 9914 9908 9902 9894 9887 9881 9876 9874 9873 9873 9873 9872
2836.2927 9869 9865 9861 9859 9859 9862 9867 9872 9875 9875 9873 9868 9861
2842.5603 9852 9845 9840 9840 9845 9853 9863 9874 9882 9885 9883 9873 9857
2848.8279 9840 9827 9824 9831 9844 9859 9869 9873 9871 9866 9862 9860 9861
2855.0952 9864 9869 9875 9882 9889 9895 9897 9897 9893 9889 9885 9885 9889
2861.3628 9898 9911 9923 9934 9939 9936 9926 9910 9893 9877 9866 9861 9861
2867.6304 9865 9872 9884 9897 9909 9918 9921 9919 9916 9915 9916 9918 9918
2873.8979 9914 9907 9901 9897 9899 9903 9906 9908 9907 9905 9903 9903 9905
2880.1653 9908 9912 9915 9916 9915 9912 9909 9907 9909 9913 9917 9919 9917
2886.4329 9910 9901 9893 9889 9888 9889 9890 9890 9889 9889 9891 9895 9899
2892.7004 9900 9897 9890 9878 9866 9856 9850 9850 9855 9862 9867 9868 9865
2898.9680 9860 9857 9859 9865 9873 9878 9878 9873 9863 9848 9832 9815 9801
2905.2354 9792 9790 9795 9806 9818 9830 9840 9847 9849 9847 9840 9830 9820
2911.5029 9812 9807 9803 9800 9796 9792 9790 9789 9789 9787 9785 9785 9790
2917.7705 9801 9817 9830 9835 9829 9816 9800 9786 9778 9773 9770 9768 9768
2924.0381 9771 9776 9781 9785 9785 9782 9778 9776 9777 9780 9782 9779 9770
2930.3054 9757 9745 9737 9738 9746 9756 9764 9768 9768 9766 9766 9769 9772
2936.5730 9774 9771 9763 9751 9736 9719 9703 9688 9675 9667 9662 9661 9661
2942.8406 9662 9662 9662 9659 9653 9644 9631 9616 9603 9593 9588 9586 9587
2949.1082 9587 9584 9577 9566 9553 9542 9533 9527 9524 9523 9524 9527 9531
2955.3755 9536 9539 9541 9542 9544 9547 9552 9561 9574 9591 9615 9641 9666
2961.6431 9684 9693 9692 9686 9681 9683 9693 9708 9725 9739 9748 9750 9746
2967.9106 9738 9728 9718 9711 9707 9707 9708 9710 9713 9717 9725 9736 9752
2974.1782 9770 9787 9801 9811 9817 9821 9825 9829 9833 9837 9843 9848 9852
2980.4456 9851 9844 9833 9820 9812 9812 9821 9837 9855 9869 9876 9877 9873
2986.7131 9867 9861 9857 9855 9855 9855 9856 9856 9859 9863 9870 9877 9880
2992.9807 9876 9864 9847 9831 9822 9822 9828 9838 9845 9848 9847 9846 9847
2999.2483 9850 9856 9860 9863 9863 9861 9857 9852 9847 9843 9839 9835 9832
3005.5156 9827 9821 9814 9807 9803 9802 9804 9810 9818 9827 9837 9846 9853
3011.7832 9857 9856 9853 9847 9841 9838 9837 9836 9832 9825 9815 9809 9811
3018.0508 9822 9838 9854 9864 9866 9862 9857 9852 9850 9847 9842 9833 9821
3024.3184 9806 9793 9784 9783 9791 9805 9824 9841 9855 9864 9869 9873 9876
3030.5857 9880 9883 9885 9887 9888 9887 9884 9879 9873 9870 9871 9877 9888
3036.8533 9899 9908 9914 9915 9914 9912 9908 9904 9900 9898 9896 9896 9898
3043.1208 9901 9905 9911 9918 9925 9932 9936 9938 9937 9932 9925 9916 9906
3049.3884 9896 9885 9875 9867 9865 9869 9881 9899 9918 9932 9940 9940 9935
3055.6558 9928 9919 9911 9905 9900 9897 9896 9898 9904 9912 9920 9927 9931
3061.9233 9929 9925 9918 9913 9909 9906 9903 9900 9897 9897 9900 9906 9915
3068.1909 9923 9929 9934 9941 9951 9963 9973 9978 9973 9960 9944 9929 9918
3074.4585 9913 9910 9909 9909 9910 9913 9915 9916 9913 9908 9902 9899 9901
3080.7258 9906 9912 9915 9915 9913 9911 9911 9914 9919 9925 9930 9935 9940
3086.9934 9946 9952 9958 9961 9962 9959 9952 9941 9929 9917 9909 9905 9907
3093.2610 9912 9916 9919 9918 9917 9918 9923 9931 9939 9946 9950 9950 9947
3099.5286 9941 9936 9931 9929 9931 9938 9948 9959 9969 9975 9976 9973 9969
3105.7959 9965 9964 9965 9968 9972 9976 9977 9973 9964 9950 9936 9925 9922
3112.0635 9928 9942 9959 9975 9985 9987 9982 9974 9966 9963 9963 9967 9970
3118.3311 9970 9968 9963 9957 9952 9950 9952 9959 9970 9981 9989 9989 9983
3124.5986 9974 9967 9967 9976 9990 10002 10007 10002 9989 9973 9958 9948 9946
3130.8660 9948 9953 9956 9958 9957 9955 9953 9950 9948 9948 9950 9956 9965
3137.1335 9973 9978 9980 9980 9981 9984 9989 9994 9996 9993 9985 9975 9966
3143.4011 9959 9955 9954 9956 9959 9965 9971 9978 9985 9992 9999 10005 10011
3149.6687 10013 10011 10003 9991 9976 9962 9953 9950 9955 9963 9972 9979 9982
3155.9360 9984 9986 9990 9993 9995 9994 9990 9985 9983 9982 9983 9984 9984
3162.2036 9984 9986 9991 9999 10009 10019 10026 10029 10029 10024 10016 10006
3167.9890 9996 9987 9981 9976 9977 9974 9974 9979 9987 9996 10001 9998 9990
3174.2566 9981 9977 9980 9990 10000 10005 10006 10003 9999 9993 9984 9969 9951
3180.5242 9939 9937 9950 9973 9996 10010 10009 9996 9979 9963 9955 9954 9959
3186.7915 9966 9973 9979 9984 9987 9988 9986 9980 9972 9963 9955 9949 9945
3193.0591 9944 9945 9948 9952 9956 9958 9959 9956 9953 9950 9950 9953 9957
3199.3267 9961 9963 9962 9959 9957 9958 9961 9965 9969 9972 9974 9975 9977
3205.5942 9980 9982 9981 9976 9967 9955 9943 9937 9938 9948 9965 9984 10000
3211.8616 10008 10006 9997 9984 9972 9964 9962 9967 9977 9992 10006 10016
3217.6470 10018 10011 9997 9981 9968 9960 9957 9957 9958 9958 9959 9961 9965
3223.9146 9971 9979 9988 9996 9999 9993 9977 9954 9929 9912 9907 9916 9935
3230.1821 9958 9980 9996 10007 10011 10009 10002 9991 9979 9968 9963 9965 9976
3236.4497 9994 10012 10024 10023 10008 9984 9957 9937 9927 9927 9935 9947 9959
3242.7170 9969 9976 9979 9979 9974 9967 9959 9951 9947 9944 9946 9951 9960
3248.9846 9973 9987 9998 10002 10001 9994 9986 9980 9977 9976 9978 9981 9986
3255.2522 9993 9999 10003 10001 9994 9983 9973 9967 9968 9977 9991 10006 10015
3261.5198 10016 10009 9997 9984 9975 9970 9969 9970 9973 9978 9985 9994 10000
3267.7871 10002 9996 9986 9975 9968 9965 9967 9969 9971 9970 9968 9966 9964
3274.0547 9961 9957 9950 9940 9927 9915 9908 9911 9924 9946 9970 9991 10003
3280.3223 10006 10003 9998 9993 9989 9986 9986 9989 9994 10000 10006 10010
3286.1077 10012 10012 10011 10007 10000 9990 9978 9969 9965 9969 9978 9987
3291.8931 9993 9996 9996 9998 10002 10008 10011 10009 9999 9986 9973 9965 9962
3298.1606 9964 9967 9968 9964 9954 9941 9928 9920 9922 9933 9951 9970 9981
3304.4280 9980 9969 9954 9944 9947 9960 9979 9994 10000 9997 9991 9986 9987
3310.6956 9991 9992 9988 9977 9962 9948 9942 9943 9950 9958 9963 9966 9967
3316.9631 9969 9970 9972 9972 9970 9965 9958 9949 9939 9928 9919 9916 9922
3323.2307 9937 9957 9977 9990 9992 9983 9967 9950 9935 9926 9922 9925 9931
3329.4980 9940 9951 9962 9969 9970 9961 9945 9926 9908 9899 9900 9908 9921
3335.7656 9933 9944 9952 9959 9965 9969 9972 9973 9973 9973 9973 9972 9968
3342.0332 9963 9959 9959 9963 9970 9978 9983 9985 9983 9977 9971 9963 9956
3348.3008 9949 9944 9942 9943 9947 9951 9955 9957 9955 9951 9946 9940 9935
3354.5681 9934 9937 9943 9951 9957 9960 9958 9953 9946 9940 9937 9941 9951
3360.8357 9966 9979 9983 9976 9958 9936 9918 9908 9907 9912 9921 9930 9942
3367.1033 9957 9972 9983 9986 9979 9963 9943 9923 9909 9902 9902 9905 9911
3373.3708 9916 9921 9927 9933 9938 9939 9932 9919 9902 9886 9875 9872 9880
3379.6382 9897 9920 9943 9962 9971 9971 9965 9958 9952 9947 9942 9935 9928
3385.9058 9923 9923 9925 9928 9929 9929 9928 9929 9933 9939 9945 9950 9954
3392.1733 9959 9965 9972 9978 9982 9984 9982 9977 9971 9966 9964 9966 9971
3398.4409 9978 9984 9988 9990 9993 9998 10003 10009 10013 10012 10007 10000
3404.2263 9991 9980 9967 9953 9940 9932 9930 9933 9938 9941 9941 9939 9939
3410.4937 9943 9952 9962 9972 9979 9985 9990 9996 10001 10001 9992 9973 9949
3416.7612 9926 9914 9918 9938 9969 9997 10012 10008 9987 9961 9941 9935 9944
3423.0288 9962 9981 9993 9993 9982 9965 9948 9935 9930 9935 9947 9966 9988
3429.2964 10009 10025 10032 10027 10012 9989 9967 9953 9952 9962 9980 9997
3435.0818 10009 10011 10005 9996 9987 9982 9980 9980 9978 9971 9961 9952 9948
3441.3491 9955 9968 9983 9990 9985 9970 9952 9940 9936 9941 9948 9955 9956
3447.6167 9954 9947 9937 9923 9906 9890 9880 9879 9886 9898 9908 9909 9901
3453.8843 9885 9867 9852 9843 9842 9850 9865 9887 9913 9939 9960 9971 9970
3460.1519 9956 9930 9896 9862 9837 9825 9828 9844 9862 9876 9877 9865 9843
3466.4192 9821 9806 9804 9816 9836 9854 9864 9862 9849 9834 9821 9815 9813
3472.6868 9813 9812 9810 9809 9811 9815 9821 9823 9821 9812 9797 9777 9750
3478.9543 9722 9696 9678 9673 9680 9694 9707 9714 9714 9712 9711 9712 9715
3485.2219 9716 9713 9708 9703 9704 9712 9725 9739 9750 9760 9771 9785 9803
3491.4893 9820 9828 9826 9813 9795 9779 9771 9773 9786 9808 9835 9862 9882
3497.7568 9891 9887 9872 9853 9835 9825 9825 9837 9859 9890 9925 9957 9980
3504.0244 9988 9984 9971 9956 9945 9936 9925 9910 9891 9873 9864 9867 9881
3510.2920 9898 9909 9913 9913 9913 9920 9935 9953 9969 9979 9982 9983 9984
3516.5593 9989 9995 9999 9998 9989 9977 9965 9957 9954 9956 9960 9966 9973
3522.8269 9981 9990 10002 10015 10028 10036 10037 10030 10018 10005 10001
3528.1301 10008 10025 10045 10055 10050 10029 9997 9966 9946 9939 9945 9959
3533.9155 9977 9996 10019 10047 10080 10111 10131 10132 10112 10077 10037
3539.2190 10003 9983 9978 9985 9997 10007 10013 10016 10016 10012 10000 9979
3545.0044 9950 9921 9902 9901 9919 9947 9975 9995 10006 10012 10017 10020
3550.7898 10020 10013 10000 9988 9986 9996 10011 10022 10019 10002 9979 9960
3556.5752 9955 9965 9982 9998 10003 9993 9970 9942 9917 9901 9897 9904 9917
3562.8425 9928 9932 9929 9921 9914 9914 9923 9940 9959 9973 9977 9971 9957
3569.1101 9940 9923 9908 9897 9892 9893 9902 9918 9937 9953 9961 9958 9943
3575.3777 9922 9904 9893 9893 9899 9907 9915 9921 9926 9930 9932 9929 9920
3581.6453 9905 9889 9877 9874 9882 9901 9926 9951 9965 9961 9938 9903 9873
3587.9126 9859 9865 9883 9902 9916 9922 9922 9918 9912 9908 9908 9918 9938
3594.1802 9966 9993 10005 9996 9968 9931 9901 9889 9894 9913 9934 9948 9951
3600.4478 9944 9932 9919 9908 9902 9902 9908 9916 9919 9911 9891 9866 9848
3606.7153 9848 9870 9910 9954 9990 10008 10010 10000 9986 9972 9961 9955 9958
3612.9829 9969 9984 9993 9989 9971 9942 9911 9886 9876 9885 9912 9947 9980
3619.2502 10000 10002 9992 9975 9962 9958 9967 9989 10021 10059 10091 10111
3625.0356 10112 10095 10065 10032 10002 9980 9967 9962 9964 9967 9966 9963
3630.8210 9967 9983 10009 10043 10078 10107 10125 10131 10126 10114 10095
3636.1245 10074 10051 10033 10022 10022 10031 10046 10062 10071 10070 10058
3641.4277 10034 10005 9975 9950 9936 9934 9942 9957 9975 9993 10009 10023
3647.2131 10038 10052 10061 10060 10048 10029 10013 10006 10008 10016 10029
3652.5164 10044 10060 10072 10074 10059 10024 9978 9937 9917 9918 9930 9943
3658.3018 9956 9969 9986 10002 10013 10016 10013 10012 10021 10043 10072 10098
3664.0872 10111 10107 10089 10062 10033 10002 9970 9937 9911 9901 9913 9947
3669.8726 9990 10025 10044 10050 10053 10062 10079 10098 10112 10109 10086
3675.1758 10057 10033 10010 9985 9963 9953 9961 9990 10035 10083 10119 10133
3680.9612 10128 10111 10093 10079 10072 10071 10070 10065 10058 10053 10057
3686.2646 10072 10097 10122 10134 10129 10112 10098 10094 10101 10110 10113
3691.5679 10103 10084 10062 10043 10027 10012 9996 9982 9975 9980 9998 10023
3697.3533 10048 10065 10069 10064 10055 10049 10051 10064 10086 10107 10117
3702.6565 10113 10095 10072 10051 10036 10027 10022 10014 10003 9992 9986 9990
3708.4419 10007 10029 10047 10056 10059 10066 10086 10114 10136 10137 10119
3713.7451 10095 10078 10076 10087 10102 10108 10099 10076 10045 10017 9999
3719.0486 9994 9995 10000 10006 10015 10030 10052 10071 10077 10066 10041
3724.3518 10009 9982 9967 9968 9981 9998 10010 10016 10016 10016 10019 10028
3730.1372 10042 10059 10069 10063 10037 9998 9960 9937 9936 9958 9991 10019
3735.9226 10025 10014 9998 9991 9999 10015 10031 10039 10036 10025 10012 10001
3741.7080 9997 9997 10000 10001 10003 10015 10035 10039 10014 9975 9940 9919
3747.4934 9918 9939 9975 10012 10032 10025 9998 9963 9932 9914 9918 9937 9961
3753.7610 9984 10005 10023 10036 10043 10043 10038 10029 10015 9994 9966 9939
3759.5464 9920 9917 9927 9941 9955 9965 9974 9983 9993 10003 10013 10021 10028
3765.8137 10037 10046 10053 10056 10056 10053 10049 10047 10050 10056 10060
3771.1172 10058 10053 10049 10049 10053 10060 10064 10060 10047 10025 9997
3776.4204 9966 9935 9906 9883 9872 9881 9911 9957 10003 10038 10055 10053
3782.2058 10038 10017 9995 9977 9965 9959 9960 9969 9988 10014 10039 10053
3787.9912 10049 10028 9998 9972 9958 9956 9961 9963 9960 9954 9953 9961 9978
3794.2588 9998 10012 10016 10009 9997 9990 9990 9997 10005 10011 10014 10015
3800.0442 10016 10025 10047 10078 10102 10104 10086 10054 10018 9981 9948 9920
3805.8296 9901 9901 9927 9970 10013 10043 10055 10052 10035 10012 9989 9973
3811.6150 9966 9967 9974 9985 9997 10006 10006 9991 9962 9935 9924 9931 9947
3817.8823 9964 9977 9983 9981 9978 9983 10002 10026 10036 10027 10009 9992
3823.6677 9984 9985 9990 9991 9986 9976 9969 9972 9985 9998 10002 9992 9971
3829.9353 9946 9928 9928 9946 9969 9982 9977 9957 9933 9918 9923 9948 9986
3836.2029 10022 10045 10049 10032 10005 9981 9968 9967 9974 9980 9980 9971
3841.9883 9958 9946 9942 9947 9958 9972 9983 9985 9978 9959 9931 9902 9883
3848.2559 9882 9902 9933 9962 9977 9976 9963 9951 9951 9964 9983 9991 9982
3854.5232 9958 9930 9904 9885 9875 9878 9893 9916 9940 9959 9972 9981 9990
3860.7908 10004 10021 10034 10035 10021 9991 9952 9915 9893 9892 9904 9917
3866.5762 9921 9913 9893 9864 9835 9824 9851 9910 9972 10005 10002 9970 9921
3872.8438 9870 9838 9841 9876 9922 9955 9965 9958 9942 9929 9925 9933 9947
3879.1113 9963 9978 9988 9992 9990 9984 9975 9967 9963 9966 9981 10008 10041
3885.3787 10068 10071 10044 9995 9940 9893 9863 9852 9858 9876 9899 9920 9935
3891.6462 9940 9934 9921 9906 9898 9901 9918 9943 9967 9981 9981 9968 9944
3897.9138 9915 9887 9865 9855 9858 9872 9891 9909 9920 9921 9913 9903 9899
3904.1814 9907 9929 9961 9994 10019 10030 10024 10001 9970 9940 9922 9921 9934
3910.4487 9952 9966 9970 9965 9960 9960 9966 9971 9969 9956 9935 9912 9897
3916.7163 9892 9895 9901 9911 9926 9950 9980 10004 10011 9994 9960 9921 9889
3922.9839 9873 9876 9896 9926 9959 9985 10001 10004 9995 9976 9952 9927 9909
3929.2515 9902 9907 9921 9942 9963 9979 9985 9979 9963 9943 9928 9924 9934
3935.5188 9956 9983 10004 10013 10004 9982 9953 9928 9912 9909 9920 9938 9958
3941.7864 9972 9974 9967 9957 9952 9956 9966 9973 9971 9954 9925 9893 9867
3948.0540 9855 9859 9875 9896 9914 9927 9934 9941 9951 9962 9974 9982 9984
3954.3215 9981 9974 9965 9956 9946 9935 9925 9919 9914 9910 9903 9891 9877
3960.5889 9863 9852 9849 9852 9863 9881 9905 9934 9966 9998 10027 10049 10060
3966.8564 10058 10043 10018 9991 9968 9953 9944 9939 9935 9932 9932 9936 9941
3973.1240 9943 9938 9929 9919 9915 9915 9916 9913 9905 9900 9908 9934 9972
3979.3916 10011 10035 10035 10014 9984 9956 9940 9935 9940 9947 9954 9961 9967
3985.6589 9973 9979 9987 9995 10003 10008 10007 9997 9978 9954 9931 9915 9912
3991.9265 9920 9935 9949 9954 9947 9934 9924 9923 9935 9952 9964 9962 9947
3998.1941 9924 9904 9894 9895 9899
##END= 
