##TITLE= DP27_2
##JCAMP-DX= 4.24
##DATA TYPE= INFRARED SPECTRUM
##ORIGIN= JASCO
##OWNER= 
##DATE= 22/06/15
##TIME= 14:43:52
##SPECTROMETER/DATA SYSTEM= 
##RESOLUTION= 
##DELTAX=   0.48211674
##XUNITS= 1/CM
##YUNITS= TRANSMITTANCE
##XFACTOR= 1.00000
##YFACTOR= 0.0001
##FIRSTX=   649.8934
##LASTX=  4000.1226
##NPOINTS=     6950
##FIRSTY=      0.97385
##MAXY=      1.00630
##MINY=      0.73765
##XYDATA= (X++(Y..Y))
649.8934 9739 9714 9686 9656 9625 9593 9562 9534 9509 9489 9472 9457 9444 9435
656.6430 9431 9436 9449 9468 9490 9511 9527 9536 9539 9538 9533 9528 9525 9523
663.3926 9522 9518 9509 9496 9483 9473 9470 9474 9483 9494 9504 9510 9512 9510
670.1423 9506 9500 9492 9482 9467 9445 9415 9379 9340 9302 9270 9247 9234 9230
676.8919 9230 9232 9231 9230 9229 9230 9233 9237 9239 9236 9222 9193 9149 9088
683.6415 9014 8932 8849 8771 8699 8636 8583 8539 8506 8485 8478 8487 8511 8549
690.3912 8600 8658 8722 8785 8845 8898 8940 8973 8996 9013 9027 9038 9047 9051
697.1408 9047 9035 9016 8996 8976 8961 8950 8943 8936 8927 8912 8890 8862 8831
703.8904 8800 8774 8754 8740 8731 8725 8721 8720 8724 8733 8751 8777 8809 8846
710.6401 8884 8922 8958 8993 9026 9060 9096 9131 9166 9198 9227 9251 9271 9289
717.3897 9304 9320 9337 9354 9372 9388 9401 9411 9418 9425 9433 9443 9455 9466
724.1393 9476 9486 9495 9505 9517 9531 9546 9560 9572 9582 9589 9592 9592 9590
730.8890 9584 9576 9566 9552 9535 9517 9498 9480 9462 9443 9423 9400 9374 9347
737.6386 9321 9296 9276 9259 9247 9237 9230 9226 9225 9228 9235 9247 9263 9283
744.3882 9305 9327 9348 9365 9378 9385 9385 9378 9362 9338 9305 9262 9207 9137
751.1379 9050 8945 8826 8698 8568 8446 8339 8253 8191 8152 8136 8140 8165 8212
757.8875 8281 8373 8487 8618 8761 8905 9045 9175 9290 9389 9472 9539 9591 9630
764.6371 9657 9675 9688 9698 9708 9718 9729 9739 9747 9753 9757 9761 9766 9773
771.3868 9781 9790 9797 9801 9803 9803 9803 9804 9808 9811 9813 9812 9808 9801
778.1364 9793 9785 9779 9775 9771 9768 9764 9759 9753 9746 9738 9729 9719 9709
784.8860 9699 9690 9681 9673 9663 9650 9635 9618 9599 9581 9565 9552 9541 9531
791.6357 9520 9507 9489 9468 9442 9412 9379 9340 9293 9234 9162 9074 8973 8862
798.3853 8746 8632 8524 8428 8348 8287 8247 8230 8237 8267 8319 8392 8482 8588
805.1349 8706 8832 8961 9089 9210 9320 9416 9499 9566 9619 9661 9691 9714 9732
811.8846 9745 9756 9766 9774 9781 9787 9791 9795 9798 9801 9804 9806 9809 9813
818.6342 9817 9823 9828 9831 9833 9834 9833 9832 9831 9830 9827 9824 9820 9818
825.3839 9817 9817 9819 9824 9830 9838 9848 9858 9868 9876 9883 9889 9894 9900
832.1335 9905 9909 9911 9910 9905 9897 9885 9870 9854 9837 9820 9802 9784 9764
838.8831 9742 9719 9694 9667 9639 9611 9582 9553 9525 9498 9473 9451 9434 9421
845.6328 9414 9412 9415 9423 9436 9454 9476 9502 9529 9556 9582 9606 9627 9645
852.3824 9660 9673 9683 9692 9700 9705 9707 9705 9701 9695 9686 9677 9667 9656
859.1320 9645 9631 9616 9597 9576 9552 9527 9500 9472 9442 9412 9381 9352 9324
865.8817 9301 9283 9272 9267 9269 9275 9285 9296 9309 9325 9345 9370 9401 9436
872.6313 9472 9504 9530 9546 9551 9545 9530 9506 9476 9437 9388 9328 9257 9179
879.3809 9099 9024 8958 8907 8873 8855 8851 8860 8881 8914 8960 9019 9091 9175
886.1306 9266 9360 9450 9531 9601 9657 9702 9737 9764 9787 9806 9821 9833 9843
892.8802 9850 9854 9856 9856 9856 9855 9856 9858 9861 9864 9868 9872 9875 9879
899.6298 9882 9885 9886 9888 9888 9889 9889 9889 9890 9890 9892 9893 9894 9894
906.3795 9893 9891 9888 9884 9880 9875 9870 9864 9857 9851 9845 9840 9836 9833
913.1291 9831 9831 9832 9835 9840 9847 9856 9869 9883 9898 9912 9923 9931 9936
919.8787 9939 9940 9940 9939 9939 9939 9940 9940 9940 9939 9938 9936 9934 9934
926.6284 9936 9938 9939 9940 9940 9938 9935 9930 9925 9920 9916 9914 9913 9913
933.3780 9914 9915 9915 9915 9915 9916 9917 9919 9921 9923 9925 9927 9930 9932
940.1276 9935 9938 9940 9941 9942 9942 9942 9942 9942 9940 9938 9933 9925 9915
946.8773 9903 9891 9879 9867 9857 9848 9840 9832 9825 9817 9810 9804 9800 9798
953.6269 9797 9797 9799 9801 9803 9806 9809 9811 9814 9817 9820 9824 9827 9831
960.3765 9833 9835 9835 9834 9832 9830 9827 9825 9822 9820 9818 9816 9814 9811
967.1262 9808 9805 9801 9799 9797 9797 9798 9800 9801 9802 9801 9800 9797 9794
973.8758 9791 9789 9788 9787 9787 9786 9783 9780 9775 9771 9767 9765 9764 9763
980.6254 9763 9764 9766 9768 9770 9771 9773 9773 9774 9774 9774 9775 9775 9775
987.3751 9774 9772 9767 9761 9753 9744 9734 9726 9718 9712 9707 9704 9700 9696
994.1247 9692 9686 9680 9674 9669 9664 9660 9656 9652 9648 9643 9636 9628 9618
1000.8743 9606 9593 9579 9566 9553 9541 9530 9519 9508 9496 9482 9467 9450
1007.1418 9432 9414 9395 9377 9358 9339 9319 9296 9271 9244 9213 9180 9146
1013.4094 9111 9075 9038 9001 8963 8924 8885 8845 8803 8760 8716 8670 8625
1019.6769 8580 8535 8491 8448 8408 8370 8338 8312 8294 8287 8290 8305 8331
1025.9445 8368 8414 8470 8534 8605 8683 8765 8850 8936 9020 9101 9177 9247
1032.2119 9312 9372 9426 9476 9520 9559 9592 9620 9642 9661 9678 9692 9705
1038.4795 9716 9725 9732 9738 9742 9745 9747 9750 9754 9757 9762 9766 9770
1044.7469 9774 9779 9783 9787 9791 9794 9795 9796 9794 9790 9786 9782 9778
1051.0145 9776 9775 9774 9772 9769 9765 9760 9755 9750 9746 9744 9743 9743
1057.2820 9744 9745 9746 9746 9746 9746 9745 9743 9741 9739 9738 9737 9736
1063.5496 9734 9731 9727 9723 9717 9711 9704 9697 9690 9684 9679 9675 9673
1069.8170 9672 9671 9671 9670 9669 9667 9665 9662 9658 9655 9651 9646 9640
1076.0846 9632 9622 9611 9598 9585 9569 9554 9538 9523 9509 9496 9485 9474
1082.3521 9463 9452 9440 9428 9417 9407 9398 9391 9385 9380 9374 9367 9357
1088.6196 9345 9332 9317 9300 9282 9261 9238 9212 9185 9158 9133 9110 9092
1094.8871 9078 9069 9064 9065 9071 9082 9099 9119 9142 9168 9193 9219 9243
1101.1547 9265 9284 9298 9309 9316 9319 9319 9317 9312 9305 9297 9288 9279
1107.4221 9271 9261 9252 9241 9229 9216 9203 9190 9176 9163 9150 9137 9124
1113.6897 9111 9097 9081 9064 9045 9025 9006 8987 8969 8952 8934 8915 8895
1119.9572 8874 8851 8828 8804 8779 8754 8729 8703 8678 8652 8625 8597 8567
1126.2247 8534 8500 8465 8428 8391 8354 8317 8279 8240 8199 8155 8109 8062
1132.4922 8015 7968 7921 7876 7832 7788 7746 7704 7664 7626 7591 7561 7537
1138.7598 7519 7507 7501 7501 7507 7519 7538 7564 7598 7639 7687 7742 7801
1145.0272 7864 7930 7997 8064 8131 8197 8261 8321 8378 8430 8479 8523 8565
1151.2948 8604 8641 8674 8705 8733 8758 8781 8802 8821 8839 8855 8869 8881
1157.5623 8889 8893 8893 8887 8877 8862 8844 8822 8796 8767 8733 8696 8654
1163.8298 8607 8555 8499 8438 8372 8305 8237 8171 8110 8055 8009 7974 7951
1170.0973 7941 7945 7962 7990 8029 8078 8135 8198 8265 8333 8400 8464 8521
1176.3649 8571 8612 8644 8666 8681 8688 8689 8684 8676 8665 8652 8637 8622
1182.6323 8606 8590 8573 8555 8537 8519 8501 8484 8467 8451 8436 8419 8403
1188.8999 8384 8364 8341 8315 8285 8251 8213 8171 8123 8071 8014 7955 7894
1195.1674 7833 7774 7719 7668 7623 7585 7555 7534 7521 7516 7519 7528 7543
1201.4349 7564 7587 7612 7637 7660 7679 7695 7706 7711 7712 7707 7698 7685
1207.7024 7670 7652 7634 7616 7598 7582 7568 7557 7548 7542 7539 7539 7542
1213.9700 7548 7557 7567 7578 7589 7601 7612 7624 7636 7648 7662 7677 7693
1220.2374 7713 7736 7765 7800 7842 7891 7949 8013 8085 8162 8244 8331 8420
1226.5050 8511 8604 8696 8786 8872 8954 9030 9101 9165 9222 9274 9320 9361
1232.7725 9396 9427 9452 9474 9492 9506 9519 9530 9539 9547 9554 9560 9565
1239.0400 9570 9573 9575 9576 9576 9575 9573 9571 9567 9562 9555 9547 9536
1245.3075 9522 9507 9490 9471 9450 9428 9404 9377 9349 9318 9286 9251 9216
1251.5751 9181 9147 9115 9087 9063 9043 9028 9019 9016 9019 9027 9040 9058
1257.8425 9081 9108 9139 9172 9206 9241 9275 9307 9337 9365 9390 9413 9434
1264.1101 9454 9471 9487 9502 9514 9524 9533 9539 9543 9546 9549 9551 9553
1270.3776 9555 9556 9557 9558 9559 9559 9559 9559 9558 9558 9556 9554 9551
1276.6451 9546 9539 9530 9518 9504 9487 9467 9444 9420 9394 9368 9343 9320
1282.9126 9301 9287 9279 9277 9281 9292 9308 9328 9354 9383 9416 9451 9489
1289.1802 9527 9564 9599 9630 9657 9679 9697 9711 9721 9728 9733 9737 9738
1295.4476 9739 9738 9736 9732 9728 9722 9716 9710 9704 9698 9691 9685 9678
1301.7152 9671 9663 9654 9644 9632 9619 9605 9591 9577 9561 9544 9526 9506
1307.9827 9484 9460 9434 9408 9380 9352 9323 9293 9261 9227 9189 9148 9104
1314.2502 9057 9009 8960 8909 8859 8809 8761 8716 8676 8641 8615 8597 8590
1320.5177 8593 8606 8630 8664 8707 8758 8815 8879 8946 9015 9085 9154 9221
1326.7853 9285 9345 9400 9450 9494 9532 9565 9594 9618 9640 9659 9675 9689
1333.0527 9701 9710 9716 9721 9725 9727 9729 9730 9731 9732 9733 9734 9734
1339.3203 9733 9733 9731 9730 9729 9727 9724 9721 9716 9711 9704 9696 9686
1345.5878 9674 9660 9644 9627 9609 9589 9569 9549 9528 9507 9486 9465 9446
1351.8553 9427 9411 9397 9386 9379 9374 9373 9373 9376 9381 9388 9397 9407
1358.1228 9419 9432 9445 9459 9471 9483 9494 9503 9512 9519 9525 9530 9534
1364.3904 9536 9537 9536 9533 9529 9524 9517 9509 9499 9487 9473 9457 9438
1370.6578 9416 9393 9370 9347 9325 9306 9290 9278 9269 9265 9266 9271 9281
1376.9254 9295 9314 9337 9363 9392 9422 9452 9482 9509 9534 9556 9574 9588
1383.1929 9600 9611 9619 9627 9633 9638 9640 9640 9639 9635 9631 9626 9621
1389.4604 9615 9609 9603 9595 9587 9578 9568 9558 9548 9538 9528 9517 9507
1395.7279 9497 9486 9476 9465 9453 9440 9425 9409 9391 9372 9352 9331 9308
1401.9955 9284 9260 9234 9208 9182 9155 9129 9103 9078 9054 9032 9011 8991
1408.2629 8971 8951 8931 8910 8888 8864 8839 8814 8789 8765 8742 8721 8701
1414.5305 8684 8672 8666 8668 8678 8695 8717 8743 8772 8804 8837 8871 8904
1420.7980 8936 8967 8995 9020 9039 9051 9057 9056 9050 9041 9028 9012 8992
1427.0656 8969 8944 8917 8887 8857 8826 8796 8769 8744 8722 8704 8691 8681
1433.3330 8676 8674 8674 8675 8676 8676 8675 8670 8662 8648 8629 8606 8578
1439.6006 8549 8517 8485 8456 8430 8408 8391 8379 8373 8372 8377 8388 8404
1445.8680 8424 8445 8469 8492 8515 8537 8557 8575 8593 8608 8622 8634 8644
1452.1356 8653 8662 8673 8687 8704 8724 8745 8766 8786 8805 8823 8840 8856
1458.4031 8871 8884 8894 8900 8903 8900 8891 8878 8861 8842 8822 8802 8782
1464.6707 8764 8749 8738 8732 8729 8731 8736 8746 8759 8776 8795 8815 8835
1470.9381 8854 8870 8882 8889 8891 8887 8878 8866 8849 8829 8805 8778 8749
1477.2057 8721 8695 8673 8655 8643 8636 8636 8641 8652 8668 8688 8712 8740
1483.4731 8770 8803 8837 8871 8903 8935 8965 8995 9025 9054 9082 9110 9135
1489.7407 9160 9183 9204 9223 9240 9255 9269 9281 9291 9300 9305 9308 9310
1496.0082 9309 9308 9305 9302 9298 9295 9292 9289 9286 9282 9277 9271 9263
1502.2758 9255 9245 9235 9223 9210 9196 9181 9166 9151 9135 9119 9102 9085
1508.5432 9067 9048 9028 9007 8985 8962 8939 8914 8888 8859 8829 8797 8763
1514.8108 8728 8693 8657 8620 8582 8542 8499 8454 8408 8363 8317 8271 8225
1521.0782 8178 8131 8082 8031 7981 7930 7881 7834 7789 7745 7701 7659 7616
1527.3458 7575 7535 7498 7463 7433 7410 7393 7383 7378 7376 7379 7386 7396
1533.6133 7410 7425 7444 7465 7493 7528 7570 7615 7661 7708 7759 7814 7874
1539.8809 7937 8004 8073 8148 8230 8316 8404 8488 8569 8646 8721 8795 8866
1546.1483 8933 8999 9064 9127 9189 9246 9298 9343 9383 9419 9453 9485 9516
1552.4159 9545 9571 9594 9614 9630 9642 9650 9657 9665 9675 9685 9697 9708
1558.6833 9718 9728 9736 9744 9751 9758 9765 9772 9782 9791 9798 9803 9805
1564.9509 9804 9802 9797 9791 9786 9781 9777 9773 9769 9765 9760 9754 9748
1571.2184 9741 9733 9724 9715 9706 9697 9688 9678 9668 9656 9643 9630 9615
1577.4860 9599 9583 9566 9549 9531 9514 9496 9476 9453 9428 9401 9373 9344
1583.7534 9314 9283 9250 9217 9184 9150 9117 9085 9054 9025 8997 8973 8951
1590.0210 8933 8919 8911 8907 8909 8915 8926 8940 8956 8976 8998 9022 9047
1596.2885 9073 9099 9125 9150 9173 9195 9213 9230 9245 9258 9270 9280 9288
1602.5560 9295 9300 9304 9306 9306 9305 9303 9299 9295 9291 9287 9283 9279
1608.8235 9277 9276 9277 9280 9286 9294 9304 9316 9331 9349 9369 9391 9415
1615.0911 9439 9463 9486 9509 9531 9552 9571 9589 9606 9622 9637 9651 9663
1621.3585 9675 9686 9696 9706 9715 9723 9730 9737 9744 9750 9755 9759 9763
1627.6261 9764 9765 9765 9765 9764 9764 9763 9763 9762 9760 9758 9756 9755
1633.8936 9753 9753 9752 9752 9751 9749 9746 9743 9740 9736 9733 9730 9728
1640.1611 9725 9722 9717 9712 9706 9699 9692 9685 9678 9672 9666 9660 9654
1646.4287 9648 9641 9634 9627 9620 9613 9606 9597 9588 9578 9568 9559 9548
1652.6962 9538 9528 9517 9506 9494 9482 9469 9454 9438 9423 9407 9389 9370
1658.9637 9349 9326 9302 9277 9250 9222 9192 9160 9126 9091 9055 9017 8977
1665.2312 8935 8888 8839 8786 8731 8673 8611 8545 8475 8403 8330 8255 8180
1671.4988 8105 8032 7961 7894 7832 7773 7719 7671 7629 7598 7576 7565 7563
1677.7662 7569 7582 7600 7622 7647 7678 7716 7763 7813 7863 7910 7954 7992
1684.0338 8026 8055 8083 8111 8141 8173 8207 8242 8273 8301 8331 8365 8403
1690.3013 8446 8493 8543 8596 8653 8713 8775 8836 8894 8950 9002 9050 9096
1696.5688 9141 9187 9233 9278 9321 9361 9396 9425 9451 9475 9499 9523 9547
1702.8363 9571 9596 9618 9636 9651 9664 9676 9688 9700 9713 9725 9738 9750
1709.1039 9762 9773 9783 9791 9799 9806 9814 9821 9827 9832 9835 9837 9839
1715.3713 9842 9846 9850 9856 9861 9867 9872 9876 9880 9884 9889 9895 9902
1721.6389 9909 9916 9921 9924 9927 9928 9928 9927 9926 9926 9926 9927 9929
1727.9064 9930 9931 9932 9931 9930 9928 9926 9925 9925 9926 9927 9928 9930
1734.1740 9931 9933 9935 9937 9939 9942 9944 9947 9950 9953 9955 9956 9958
1740.4414 9958 9958 9957 9956 9954 9951 9947 9943 9938 9933 9929 9925 9922
1746.7090 9920 9918 9917 9916 9915 9914 9914 9914 9915 9917 9919 9921 9923
1752.9764 9924 9923 9922 9920 9918 9917 9915 9914 9914 9914 9914 9914 9916
1759.2440 9918 9921 9926 9931 9938 9944 9951 9956 9961 9964 9967 9969 9970
1765.5115 9970 9971 9970 9969 9966 9964 9961 9958 9956 9955 9954 9953 9954
1771.7791 9954 9956 9957 9959 9961 9963 9965 9967 9968 9969 9969 9969 9970
1778.0465 9970 9970 9970 9969 9968 9966 9964 9963 9962 9962 9962 9962 9961
1784.3141 9961 9960 9960 9959 9958 9957 9956 9955 9953 9952 9950 9948 9947
1790.5815 9946 9946 9945 9945 9945 9945 9946 9947 9948 9950 9951 9951 9951
1796.8491 9950 9949 9948 9948 9948 9948 9949 9950 9950 9950 9951 9951 9952
1803.1166 9954 9956 9958 9959 9961 9962 9962 9963 9963 9964 9964 9964 9964
1809.3842 9963 9963 9964 9964 9964 9963 9962 9961 9960 9959 9959 9959 9959
1815.6516 9960 9960 9960 9959 9959 9960 9961 9963 9966 9968 9970 9969 9967
1821.9192 9964 9960 9957 9954 9953 9951 9949 9946 9942 9937 9932 9928 9925
1828.1866 9924 9925 9926 9928 9930 9932 9935 9937 9940 9943 9946 9949 9951
1834.4542 9953 9954 9954 9954 9953 9952 9950 9950 9949 9949 9950 9950 9951
1840.7217 9950 9950 9949 9948 9947 9947 9947 9947 9947 9946 9945 9943 9940
1846.9893 9939 9938 9939 9941 9942 9944 9944 9944 9943 9943 9943 9944 9946
1853.2567 9948 9950 9952 9953 9953 9953 9952 9951 9951 9951 9952 9953 9953
1859.5243 9952 9951 9950 9949 9948 9947 9945 9944 9941 9938 9935 9931 9927
1865.7917 9924 9921 9918 9917 9915 9915 9914 9914 9915 9917 9920 9923 9927
1872.0593 9931 9935 9938 9940 9942 9943 9945 9945 9945 9944 9943 9941 9940
1878.3268 9939 9939 9940 9940 9941 9940 9939 9937 9935 9933 9932 9932 9933
1884.5944 9934 9934 9934 9934 9933 9933 9933 9934 9935 9936 9937 9936 9935
1890.8618 9934 9933 9931 9930 9929 9927 9926 9925 9924 9924 9925 9927 9930
1897.1294 9933 9935 9936 9936 9935 9933 9930 9928 9926 9924 9923 9922 9922
1903.3969 9922 9921 9921 9921 9922 9923 9925 9928 9931 9934 9937 9940 9942
1909.6644 9943 9944 9944 9943 9942 9941 9939 9938 9938 9938 9938 9938 9938
1915.9319 9938 9937 9935 9933 9931 9929 9928 9927 9927 9926 9927 9927 9928
1922.1995 9928 9928 9928 9928 9927 9927 9927 9927 9928 9929 9931 9932 9934
1928.4669 9935 9935 9934 9933 9932 9930 9930 9930 9930 9930 9930 9930 9929
1934.7345 9929 9930 9931 9932 9934 9935 9936 9936 9934 9931 9928 9924 9920
1941.0020 9916 9914 9911 9908 9906 9903 9902 9901 9902 9904 9908 9911 9915
1947.2695 9919 9923 9927 9930 9932 9933 9933 9931 9930 9927 9924 9920 9915
1953.5370 9911 9907 9903 9899 9894 9889 9884 9880 9877 9875 9875 9877 9881
1959.8046 9888 9897 9906 9915 9922 9926 9928 9927 9925 9924 9922 9921 9920
1966.0720 9918 9914 9908 9900 9892 9886 9881 9880 9882 9887 9893 9899 9903
1972.3396 9906 9907 9907 9907 9907 9908 9910 9912 9914 9916 9917 9918 9918
1978.6071 9918 9919 9922 9926 9930 9935 9938 9940 9941 9940 9939 9937 9936
1984.8746 9934 9931 9929 9925 9921 9916 9910 9903 9897 9892 9888 9885 9884
1991.1421 9885 9886 9888 9890 9893 9895 9897 9901 9905 9910 9915 9920 9924
1997.4097 9925 9925 9923 9920 9917 9915 9914 9912 9911 9909 9907 9906 9904
2003.6771 9904 9904 9905 9907 9907 9908 9907 9906 9905 9905 9904 9905 9906
2009.9447 9908 9910 9911 9912 9911 9911 9911 9911 9911 9911 9909 9905 9899
2016.2122 9893 9887 9882 9877 9874 9872 9870 9869 9869 9870 9873 9877 9883
2022.4797 9891 9899 9906 9912 9916 9918 9918 9918 9918 9917 9917 9916 9914
2028.7472 9911 9908 9905 9902 9900 9899 9900 9901 9903 9906 9908 9911 9912
2035.0148 9913 9913 9913 9913 9914 9916 9919 9921 9921 9921 9919 9916 9913
2041.2822 9910 9908 9907 9906 9906 9905 9903 9901 9899 9898 9898 9899 9900
2047.5498 9902 9904 9906 9908 9910 9912 9913 9913 9912 9910 9907 9904 9901
2053.8174 9899 9897 9896 9896 9897 9898 9899 9900 9900 9901 9903 9905 9908
2060.0847 9911 9914 9917 9920 9921 9922 9921 9919 9916 9914 9912 9911 9911
2066.3523 9911 9911 9912 9912 9913 9914 9915 9916 9916 9916 9916 9917 9918
2072.6199 9919 9920 9920 9921 9920 9919 9918 9915 9913 9911 9910 9910 9912
2078.8875 9914 9917 9919 9922 9925 9927 9930 9933 9936 9939 9942 9944 9945
2085.1548 9946 9945 9943 9940 9938 9937 9935 9934 9932 9929 9925 9922 9919
2091.4224 9917 9915 9915 9914 9915 9915 9915 9916 9916 9917 9919 9921 9923
2097.6899 9925 9927 9928 9928 9928 9928 9929 9929 9929 9929 9928 9927 9926
2103.9575 9925 9924 9923 9921 9919 9918 9917 9916 9917 9918 9919 9920 9920
2110.2249 9920 9920 9920 9920 9920 9922 9924 9926 9927 9928 9928 9927 9926
2116.4924 9925 9924 9924 9924 9925 9926 9927 9928 9929 9928 9928 9927 9926
2122.7600 9926 9925 9924 9924 9924 9924 9924 9924 9923 9921 9919 9918 9917
2129.0276 9918 9919 9921 9924 9927 9929 9930 9930 9930 9929 9928 9927 9928
2135.2949 9929 9930 9931 9932 9932 9932 9931 9930 9929 9929 9929 9930 9931
2141.5625 9931 9932 9934 9935 9936 9937 9937 9938 9940 9941 9943 9943 9943
2147.8301 9943 9943 9942 9941 9939 9935 9930 9923 9917 9910 9904 9897 9892
2154.0977 9886 9883 9881 9881 9883 9885 9888 9890 9891 9892 9892 9893 9894
2160.3650 9896 9899 9902 9905 9907 9907 9905 9903 9902 9902 9904 9907 9911
2166.6326 9915 9917 9918 9918 9917 9917 9916 9917 9917 9918 9920 9922 9923
2172.9001 9925 9926 9927 9928 9929 9929 9930 9930 9929 9927 9925 9922 9920
2179.1677 9918 9917 9917 9917 9916 9915 9914 9911 9909 9908 9908 9909 9911
2185.4351 9914 9916 9917 9919 9920 9921 9923 9924 9926 9926 9926 9924 9923
2191.7026 9921 9920 9918 9917 9915 9913 9911 9909 9908 9908 9909 9910 9912
2197.9702 9913 9914 9914 9915 9915 9914 9912 9910 9907 9903 9900 9898 9897
2204.2378 9899 9902 9906 9909 9910 9910 9911 9912 9916 9921 9928 9934 9939
2210.5051 9941 9940 9937 9934 9930 9927 9925 9924 9923 9921 9919 9915 9911
2216.7727 9907 9905 9904 9905 9907 9910 9911 9913 9914 9915 9916 9918 9920
2223.0403 9922 9923 9925 9927 9929 9931 9933 9934 9936 9938 9939 9941 9942
2229.3079 9944 9945 9947 9948 9948 9946 9943 9940 9937 9934 9933 9933 9933
2235.5752 9932 9930 9928 9925 9923 9922 9923 9925 9928 9931 9933 9933 9932
2241.8428 9930 9928 9926 9926 9927 9929 9930 9931 9930 9928 9925 9922 9920
2248.1104 9920 9921 9923 9927 9931 9936 9939 9942 9943 9944 9944 9945 9946
2254.3779 9947 9947 9948 9947 9945 9941 9937 9932 9927 9923 9921 9921 9922
2260.6453 9925 9928 9930 9932 9934 9935 9935 9935 9935 9936 9937 9937 9937
2266.9128 9936 9935 9933 9931 9929 9928 9927 9928 9930 9932 9935 9937 9940
2273.1804 9941 9943 9944 9944 9945 9947 9948 9950 9952 9953 9953 9953 9953
2279.4480 9953 9952 9952 9951 9951 9950 9948 9945 9942 9939 9937 9936 9935
2285.7153 9935 9935 9935 9935 9934 9934 9934 9935 9937 9938 9940 9940 9940
2291.9829 9940 9939 9937 9936 9934 9933 9932 9931 9930 9929 9927 9927 9927
2298.2505 9930 9933 9937 9942 9946 9949 9951 9952 9953 9954 9955 9955 9955
2304.5181 9953 9949 9944 9937 9931 9926 9922 9919 9916 9914 9910 9907 9904
2310.7854 9902 9903 9906 9911 9916 9922 9925 9928 9928 9928 9928 9930 9932
2317.0530 9935 9937 9937 9936 9932 9928 9923 9919 9915 9913 9912 9913 9915
2323.3206 9918 9920 9921 9921 9920 9920 9919 9918 9915 9912 9908 9903 9899
2329.5881 9895 9893 9891 9891 9891 9891 9892 9894 9897 9900 9905 9909 9915
2335.8555 9919 9923 9924 9924 9922 9920 9919 9918 9919 9920 9922 9923 9924
2342.1230 9926 9928 9931 9935 9939 9942 9943 9944 9943 9940 9936 9930 9925
2348.3906 9919 9913 9908 9904 9900 9898 9897 9898 9899 9900 9899 9897 9894
2354.6582 9892 9892 9894 9897 9901 9904 9903 9898 9889 9879 9870 9863 9859
2360.9255 9857 9857 9857 9855 9852 9847 9842 9838 9836 9835 9837 9841 9846
2367.1931 9853 9860 9868 9876 9885 9892 9898 9903 9907 9909 9909 9910 9909
2373.4607 9909 9909 9909 9910 9911 9912 9914 9915 9918 9921 9926 9932 9938
2379.7283 9944 9949 9952 9954 9954 9954 9953 9952 9951 9951 9951 9950 9949
2385.9956 9949 9949 9950 9951 9953 9954 9955 9955 9955 9955 9954 9953 9952
2392.2632 9951 9950 9950 9949 9948 9947 9947 9946 9946 9946 9946 9946 9946
2398.5308 9946 9946 9947 9946 9946 9947 9947 9947 9947 9947 9948 9948 9949
2404.7983 9950 9951 9952 9952 9952 9952 9953 9953 9955 9956 9958 9959 9960
2411.0657 9960 9959 9958 9957 9955 9954 9954 9954 9954 9954 9953 9952 9950
2417.3333 9949 9947 9946 9945 9946 9948 9951 9954 9957 9959 9960 9960 9959
2423.6008 9959 9960 9961 9963 9964 9965 9965 9964 9962 9960 9958 9957 9957
2429.8684 9957 9959 9960 9961 9961 9960 9958 9956 9955 9955 9955 9955 9956
2436.1357 9956 9956 9956 9957 9958 9959 9960 9962 9962 9962 9961 9959 9957
2442.4033 9955 9954 9954 9954 9955 9955 9954 9953 9951 9949 9949 9949 9951
2448.6709 9952 9954 9955 9956 9956 9955 9955 9955 9954 9954 9954 9954 9954
2454.9385 9955 9956 9957 9959 9960 9961 9960 9959 9956 9954 9952 9950 9949
2461.2058 9949 9948 9947 9945 9942 9940 9937 9934 9933 9932 9933 9933 9934
2467.4734 9935 9936 9937 9939 9942 9945 9948 9950 9952 9954 9955 9956 9957
2473.7410 9958 9959 9959 9960 9959 9958 9956 9953 9951 9950 9949 9949 9949
2480.0085 9950 9952 9954 9956 9958 9960 9961 9963 9964 9965 9966 9966 9966
2486.2759 9965 9964 9963 9961 9959 9957 9955 9954 9953 9952 9950 9949 9948
2492.5435 9948 9949 9950 9950 9951 9951 9950 9950 9949 9949 9950 9950 9950
2498.8110 9949 9948 9947 9946 9945 9944 9943 9942 9940 9937 9934 9932 9931
2505.0786 9931 9933 9935 9938 9940 9942 9944 9946 9948 9950 9952 9955 9957
2511.3459 9958 9959 9959 9958 9957 9957 9957 9957 9958 9959 9961 9962 9964
2517.6135 9965 9965 9965 9965 9964 9962 9960 9957 9953 9949 9945 9941 9938
2523.8811 9937 9936 9937 9939 9941 9944 9947 9950 9953 9956 9959 9961 9963
2530.1487 9965 9966 9966 9966 9965 9963 9962 9959 9957 9953 9950 9946 9943
2536.4160 9941 9941 9942 9943 9945 9946 9946 9945 9944 9943 9942 9943 9945
2542.6836 9948 9952 9955 9957 9957 9956 9954 9952 9950 9949 9948 9949 9949
2548.9512 9949 9949 9948 9947 9946 9945 9945 9945 9946 9947 9949 9950 9951
2555.2188 9953 9955 9956 9958 9961 9962 9964 9965 9966 9967 9968 9969 9969
2561.4861 9969 9969 9968 9967 9966 9964 9962 9960 9958 9957 9955 9955 9955
2567.7537 9955 9956 9957 9959 9960 9961 9962 9962 9963 9963 9964 9964 9964
2574.0212 9965 9965 9966 9966 9966 9966 9966 9967 9968 9969 9970 9970 9971
2580.2888 9970 9969 9967 9965 9962 9959 9957 9955 9954 9953 9953 9954 9954
2586.5562 9954 9954 9954 9954 9954 9955 9955 9955 9956 9956 9956 9956 9955
2592.8237 9954 9952 9951 9949 9948 9947 9947 9947 9947 9947 9946 9945 9944
2599.0913 9942 9941 9940 9939 9939 9940 9941 9942 9943 9944 9946 9948 9950
2605.3589 9953 9957 9961 9964 9967 9970 9972 9973 9973 9973 9972 9970 9968
2611.6262 9967 9965 9963 9962 9960 9959 9957 9957 9957 9957 9957 9957 9957
2617.8938 9958 9959 9960 9961 9962 9963 9963 9963 9963 9963 9962 9962 9962
2624.1614 9961 9961 9961 9960 9959 9958 9957 9956 9956 9956 9957 9959 9960
2630.4290 9961 9962 9962 9963 9964 9965 9966 9969 9971 9973 9974 9975 9974
2636.6965 9973 9972 9972 9972 9972 9973 9973 9973 9972 9970 9968 9966 9964
2642.9639 9963 9961 9961 9961 9961 9963 9964 9965 9967 9969 9970 9972 9973
2649.2314 9974 9975 9975 9975 9976 9976 9976 9975 9975 9973 9972 9970 9969
2655.4990 9967 9966 9965 9966 9967 9969 9971 9972 9973 9973 9972 9971 9971
2661.7666 9970 9970 9970 9970 9969 9969 9968 9967 9966 9965 9965 9966 9967
2668.0339 9968 9969 9969 9969 9968 9968 9967 9966 9965 9964 9963 9961 9960
2674.3015 9959 9958 9957 9958 9958 9960 9962 9964 9966 9968 9970 9972 9973
2680.5691 9973 9973 9973 9972 9971 9971 9971 9970 9969 9968 9967 9966 9965
2686.8367 9964 9963 9963 9964 9964 9965 9966 9967 9968 9969 9969 9969 9970
2693.1040 9970 9971 9972 9973 9975 9976 9976 9975 9974 9973 9971 9970 9969
2699.3716 9968 9968 9968 9967 9966 9965 9964 9964 9964 9964 9965 9966 9966
2705.6392 9966 9966 9966 9965 9965 9965 9965 9966 9967 9967 9967 9967 9967
2711.9067 9967 9967 9967 9967 9967 9968 9968 9968 9968 9968 9967 9966 9965
2718.1741 9964 9962 9960 9959 9957 9956 9956 9955 9955 9954 9953 9952 9951
2724.4417 9950 9950 9950 9951 9951 9953 9954 9955 9956 9957 9958 9960 9962
2730.7092 9964 9966 9967 9969 9970 9971 9972 9974 9975 9976 9976 9977 9976
2736.9768 9976 9975 9973 9972 9972 9971 9970 9969 9968 9967 9966 9965 9964
2743.2441 9964 9964 9964 9964 9964 9964 9963 9963 9962 9962 9961 9961 9960
2749.5117 9959 9959 9958 9959 9959 9959 9960 9960 9960 9960 9961 9961 9962
2755.7793 9963 9964 9964 9965 9965 9965 9965 9964 9963 9963 9962 9961 9961
2762.0469 9960 9960 9959 9959 9959 9959 9960 9961 9962 9964 9965 9966 9966
2768.3142 9966 9967 9967 9967 9967 9967 9967 9966 9964 9963 9961 9961 9961
2774.5818 9962 9963 9965 9967 9969 9970 9971 9971 9970 9970 9968 9967 9966
2780.8494 9966 9965 9965 9964 9963 9963 9962 9962 9963 9964 9967 9969 9972
2787.1169 9973 9973 9973 9972 9970 9969 9968 9968 9969 9969 9969 9968 9966
2793.3843 9964 9963 9961 9960 9960 9961 9962 9963 9964 9964 9964 9964 9963
2799.6519 9962 9962 9962 9963 9965 9966 9967 9966 9965 9963 9960 9957 9954
2805.9194 9951 9949 9948 9947 9946 9945 9944 9943 9942 9941 9941 9941 9942
2812.1870 9943 9945 9946 9948 9949 9950 9950 9950 9949 9949 9949 9949 9949
2818.4543 9949 9949 9949 9949 9948 9948 9947 9945 9943 9941 9938 9935 9932
2824.7219 9929 9926 9924 9922 9921 9919 9917 9915 9913 9911 9910 9909 9910
2830.9895 9911 9913 9914 9915 9916 9916 9916 9916 9916 9916 9917 9918 9920
2837.2571 9921 9921 9922 9921 9920 9920 9919 9919 9920 9920 9921 9922 9922
2843.5244 9923 9924 9925 9926 9928 9930 9932 9934 9936 9938 9939 9940 9940
2849.7920 9940 9939 9938 9937 9936 9936 9935 9935 9935 9935 9934 9934 9934
2856.0596 9934 9934 9935 9937 9939 9940 9941 9942 9941 9941 9940 9939 9939
2862.3271 9938 9937 9936 9935 9933 9932 9931 9931 9931 9931 9932 9933 9934
2868.5945 9935 9936 9936 9936 9936 9935 9934 9933 9932 9931 9930 9929 9928
2874.8621 9928 9927 9926 9925 9924 9924 9923 9922 9922 9922 9922 9922 9921
2881.1296 9920 9918 9917 9916 9916 9916 9917 9918 9920 9922 9924 9925 9926
2887.3972 9927 9927 9927 9927 9927 9927 9927 9926 9925 9924 9923 9921 9920
2893.6646 9918 9917 9917 9917 9917 9917 9916 9916 9915 9914 9914 9913 9912
2899.9321 9911 9909 9908 9907 9906 9906 9907 9908 9909 9910 9910 9909 9908
2906.1997 9907 9907 9907 9908 9908 9909 9908 9906 9904 9901 9897 9894 9892
2912.4673 9891 9891 9892 9894 9896 9897 9898 9898 9899 9901 9903 9905 9907
2918.7346 9910 9912 9914 9915 9916 9915 9913 9911 9909 9906 9904 9901 9899
2925.0022 9897 9896 9895 9894 9893 9893 9893 9894 9895 9896 9897 9899 9900
2931.2698 9900 9899 9896 9893 9889 9885 9881 9876 9872 9867 9863 9859 9856
2937.5374 9854 9853 9854 9855 9857 9859 9861 9863 9864 9865 9865 9866 9866
2943.8047 9866 9865 9863 9860 9857 9855 9853 9852 9851 9851 9850 9850 9849
2950.0723 9849 9849 9850 9852 9854 9856 9858 9860 9862 9864 9868 9872 9877
2956.3398 9882 9887 9891 9894 9896 9897 9898 9898 9899 9899 9899 9898 9896
2962.6074 9894 9892 9891 9890 9890 9890 9891 9892 9893 9894 9896 9897 9899
2968.8748 9901 9903 9905 9906 9907 9908 9909 9911 9913 9915 9917 9919 9921
2975.1423 9923 9926 9929 9933 9937 9941 9944 9947 9949 9950 9951 9951 9951
2981.4099 9950 9949 9947 9944 9941 9938 9935 9932 9930 9928 9927 9925 9923
2987.6775 9922 9921 9921 9921 9922 9923 9925 9926 9927 9928 9928 9928 9928
2993.9448 9928 9928 9929 9930 9931 9931 9930 9929 9927 9925 9923 9922 9920
3000.2124 9920 9919 9919 9919 9920 9920 9919 9919 9920 9920 9920 9921 9922
3006.4800 9923 9923 9924 9924 9924 9923 9921 9919 9917 9916 9915 9915 9915
3012.7476 9915 9914 9911 9908 9905 9902 9900 9898 9898 9898 9899 9900 9900
3019.0149 9899 9898 9897 9896 9896 9897 9897 9898 9898 9898 9897 9896 9894
3025.2825 9894 9893 9893 9893 9893 9894 9895 9897 9900 9902 9905 9908 9910
3031.5500 9911 9912 9912 9911 9911 9910 9910 9909 9909 9908 9907 9906 9904
3037.8176 9903 9903 9903 9905 9907 9910 9912 9915 9917 9918 9919 9920 9921
3044.0850 9923 9925 9926 9928 9930 9932 9933 9933 9932 9931 9931 9930 9931
3050.3525 9931 9931 9930 9929 9928 9928 9927 9928 9929 9931 9933 9935 9937
3056.6201 9939 9940 9941 9942 9943 9945 9946 9947 9947 9946 9944 9942 9940
3062.8877 9938 9937 9935 9934 9932 9930 9928 9927 9926 9925 9925 9926 9926
3069.1550 9927 9928 9929 9929 9930 9931 9932 9934 9936 9937 9937 9936 9933
3075.4226 9930 9927 9924 9923 9923 9923 9924 9924 9924 9923 9922 9921 9921
3081.6902 9922 9923 9924 9925 9926 9928 9929 9930 9931 9932 9932 9932 9932
3087.9578 9931 9931 9932 9933 9936 9939 9942 9944 9945 9945 9945 9944 9945
3094.2251 9945 9946 9947 9947 9946 9944 9942 9940 9938 9937 9937 9937 9937
3100.4927 9936 9935 9933 9933 9932 9933 9935 9937 9939 9939 9938 9936 9934
3106.7603 9931 9929 9929 9929 9931 9932 9933 9933 9932 9931 9930 9930 9931
3113.0278 9933 9936 9940 9943 9944 9945 9946 9946 9946 9947 9947 9947 9946
3119.2952 9944 9941 9937 9933 9930 9928 9927 9926 9926 9926 9926 9924 9923
3125.5627 9922 9922 9922 9923 9924 9925 9926 9926 9925 9924 9922 9920 9918
3131.8303 9917 9918 9921 9925 9929 9932 9934 9934 9933 9932 9931 9931 9931
3138.0979 9932 9933 9933 9931 9929 9927 9926 9925 9925 9926 9927 9929 9931
3144.3652 9933 9935 9938 9942 9945 9948 9949 9949 9948 9946 9944 9943 9942
3150.6328 9940 9938 9936 9934 9931 9929 9927 9925 9923 9922 9922 9922 9922
3156.9004 9921 9921 9921 9922 9923 9925 9928 9930 9932 9934 9936 9937 9938
3163.1680 9938 9937 9937 9937 9936 9935 9933 9930 9926 9923 9919 9916 9914
3169.4353 9913 9913 9914 9917 9920 9923 9926 9929 9933 9937 9940 9944 9946
3175.7029 9947 9948 9948 9947 9945 9942 9938 9935 9932 9929 9926 9924 9922
3181.9705 9920 9918 9917 9915 9914 9912 9911 9911 9911 9912 9913 9913 9913
3188.2380 9913 9912 9910 9909 9907 9906 9906 9906 9907 9907 9907 9907 9906
3194.5054 9905 9904 9903 9902 9902 9903 9904 9905 9906 9905 9903 9901 9898
3200.7729 9896 9894 9893 9893 9894 9894 9895 9895 9895 9895 9897 9899 9902
3207.0405 9904 9906 9907 9907 9907 9907 9908 9910 9911 9913 9914 9914 9913
3213.3081 9912 9911 9910 9910 9910 9910 9909 9909 9908 9907 9907 9906 9904
3219.5754 9903 9900 9898 9895 9894 9893 9893 9894 9895 9894 9892 9887 9882
3225.8430 9877 9874 9872 9873 9874 9875 9874 9873 9870 9866 9863 9861 9861
3232.1106 9863 9865 9867 9867 9865 9862 9859 9856 9854 9853 9853 9852 9851
3238.3782 9848 9844 9840 9836 9833 9832 9833 9834 9836 9837 9836 9834 9831
3244.6455 9827 9825 9823 9821 9820 9817 9813 9807 9799 9791 9782 9774 9767
3250.9131 9762 9757 9753 9749 9744 9739 9734 9730 9727 9725 9724 9723 9724
3257.1807 9724 9725 9726 9726 9727 9728 9728 9729 9731 9733 9736 9741 9746
3263.4482 9751 9758 9765 9772 9779 9786 9793 9800 9808 9816 9825 9832 9839
3269.7156 9844 9848 9851 9853 9856 9858 9861 9864 9867 9869 9871 9873 9875
3275.9832 9877 9881 9885 9891 9896 9900 9903 9905 9906 9909 9912 9917 9922
3282.2507 9928 9933 9937 9939 9939 9937 9935 9932 9930 9928 9928 9927 9927
3288.5183 9925 9922 9918 9914 9911 9910 9912 9916 9921 9926 9932 9935 9937
3294.7856 9936 9935 9934 9933 9932 9932 9932 9931 9929 9927 9925 9924 9924
3301.0532 9925 9927 9930 9934 9940 9946 9953 9959 9965 9968 9970 9970 9968
3307.3208 9965 9962 9959 9956 9952 9949 9945 9941 9937 9933 9930 9929 9928
3313.5884 9928 9929 9930 9931 9932 9933 9934 9936 9937 9937 9938 9937 9937
3319.8557 9937 9938 9939 9941 9943 9945 9946 9946 9946 9945 9945 9944 9943
3326.1233 9942 9940 9936 9932 9928 9924 9921 9919 9919 9920 9920 9920 9920
3332.3909 9919 9919 9919 9920 9921 9923 9923 9922 9920 9917 9913 9910 9908
3338.6584 9906 9904 9901 9897 9893 9890 9887 9886 9888 9891 9895 9898 9900
3344.9258 9900 9899 9898 9897 9897 9898 9899 9900 9899 9898 9896 9893 9889
3351.1934 9885 9882 9878 9876 9873 9870 9866 9862 9858 9854 9850 9845 9839
3357.4609 9833 9827 9822 9816 9811 9806 9802 9798 9794 9790 9786 9781 9776
3363.7285 9770 9763 9756 9748 9741 9734 9727 9721 9714 9708 9701 9694 9687
3369.9958 9682 9677 9675 9674 9677 9682 9689 9699 9709 9719 9730 9742 9754
3376.2634 9767 9782 9797 9811 9825 9838 9849 9858 9865 9870 9875 9880 9886
3382.5310 9893 9901 9908 9914 9921 9926 9931 9937 9942 9947 9951 9954 9958
3388.7986 9961 9965 9968 9971 9972 9973 9971 9969 9967 9965 9965 9965 9968
3395.0659 9971 9974 9977 9979 9980 9980 9980 9981 9982 9983 9984 9985 9984
3401.3335 9982 9980 9977 9974 9972 9971 9971 9971 9971 9972 9974 9976 9978
3407.6011 9980 9982 9983 9984 9984 9983 9981 9978 9974 9970 9967 9966 9967
3413.8687 9969 9972 9975 9977 9979 9981 9982 9983 9984 9985 9986 9988 9989
3420.1360 9989 9988 9986 9982 9979 9977 9975 9973 9972 9971 9971 9973 9975
3426.4036 9979 9982 9984 9984 9983 9981 9978 9976 9974 9973 9972 9972 9971
3432.6711 9969 9966 9961 9958 9955 9955 9958 9961 9965 9969 9973 9975 9977
3438.9387 9978 9979 9980 9980 9981 9981 9981 9980 9979 9978 9977 9977 9977
3445.2061 9978 9979 9981 9984 9988 9992 9997 10001 10005 10008 10010 10013
3450.9915 10015 10017 10019 10020 10021 10021 10018 10012 10005 9996 9988 9980
3456.7769 9973 9968 9963 9959 9956 9953 9951 9949 9948 9948 9948 9949 9951
3463.0444 9952 9953 9954 9955 9957 9958 9958 9956 9954 9950 9947 9945 9945
3469.3120 9947 9949 9951 9954 9956 9957 9958 9958 9960 9963 9968 9975 9981
3475.5796 9985 9988 9988 9985 9982 9979 9977 9976 9976 9977 9979 9980 9982
3481.8469 9982 9983 9984 9985 9988 9991 9995 9998 10001 10002 10001 10000 9999
3488.1145 9997 9996 9994 9993 9991 9989 9988 9986 9984 9981 9978 9975 9971
3494.3821 9967 9964 9961 9959 9957 9957 9958 9960 9964 9968 9973 9978 9982
3500.6497 9985 9987 9987 9986 9983 9980 9977 9974 9972 9971 9970 9971 9973
3506.9170 9975 9979 9983 9987 9991 9995 10000 10005 10011 10016 10020 10021
3512.7024 10020 10016 10011 10005 10000 9996 9994 9992 9992 9990 9989 9986
3518.4878 9982 9978 9975 9971 9969 9967 9965 9962 9960 9958 9955 9953 9951
3524.7554 9949 9947 9945 9943 9942 9943 9947 9953 9961 9970 9978 9984 9989
3531.0229 9991 9992 9992 9992 9992 9993 9994 9994 9993 9990 9987 9983 9980
3537.2905 9978 9978 9979 9980 9980 9980 9978 9976 9974 9971 9968 9966 9965
3543.5579 9964 9964 9964 9965 9966 9968 9970 9972 9972 9970 9967 9963 9957
3549.8254 9952 9947 9942 9939 9936 9933 9931 9930 9930 9932 9936 9942 9950
3556.0930 9959 9968 9974 9979 9981 9982 9982 9982 9981 9979 9977 9973 9969
3562.3606 9965 9962 9960 9959 9960 9961 9962 9963 9963 9963 9961 9959 9957
3568.6279 9957 9957 9959 9960 9962 9963 9965 9966 9968 9970 9973 9976 9979
3574.8955 9983 9986 9989 9993 9995 9998 10001 10003 10006 10008 10010 10011
3580.6809 10010 10009 10007 10005 10003 10001 9998 9995 9992 9987 9983 9978
3586.4663 9974 9971 9968 9967 9967 9969 9973 9977 9980 9983 9984 9983 9981
3592.7339 9979 9976 9973 9971 9968 9966 9964 9963 9961 9959 9958 9958 9959
3599.0015 9962 9967 9973 9979 9986 9991 9996 10000 10002 10004 10005 10006
3604.7869 10007 10008 10008 10006 10002 9996 9987 9978 9968 9959 9952 9948
3610.5723 9945 9944 9942 9941 9940 9942 9946 9952 9959 9965 9970 9973 9974
3616.8398 9975 9976 9976 9976 9978 9979 9980 9979 9975 9970 9964 9959 9955
3623.1072 9953 9951 9949 9947 9947 9948 9949 9950 9951 9952 9953 9956 9959
3629.3748 9963 9967 9971 9974 9976 9977 9977 9975 9974 9972 9972 9972 9974
3635.6423 9977 9981 9985 9991 9997 10003 10010 10016 10023 10029 10033 10034
3641.4277 10031 10024 10012 9997 9980 9963 9949 9938 9931 9926 9922 9918 9914
3647.6953 9911 9911 9913 9919 9929 9941 9954 9966 9974 9977 9978 9976 9974
3653.9626 9972 9972 9972 9972 9971 9969 9967 9965 9963 9962 9962 9964 9968
3660.2302 9971 9975 9977 9979 9981 9982 9983 9982 9979 9974 9966 9954 9941
3666.4978 9927 9916 9906 9900 9895 9891 9888 9885 9881 9878 9876 9879 9887
3672.7654 9899 9913 9925 9934 9938 9941 9943 9946 9951 9958 9966 9974 9981
3679.0327 9987 9989 9991 9992 9994 9996 9998 9999 9998 9996 9993 9990 9987
3685.3003 9983 9978 9973 9967 9962 9957 9954 9952 9952 9952 9952 9951 9950
3691.5679 9947 9945 9943 9943 9944 9947 9951 9955 9958 9960 9961 9961 9961
3697.8354 9960 9961 9964 9968 9975 9982 9990 9998 10005 10012 10017 10022
3703.6208 10028 10033 10039 10045 10049 10052 10053 10052 10047 10039 10031
3708.9241 10023 10018 10014 10012 10010 10008 10004 10000 9995 9989 9985 9983
3714.7095 9982 9984 9986 9988 9987 9985 9980 9974 9967 9960 9954 9948 9945
3720.9771 9942 9942 9944 9947 9951 9955 9958 9963 9969 9976 9985 9994 10001
3727.2444 10007 10010 10011 10011 10010 10007 10002 9994 9986 9978 9971 9965
3733.0298 9960 9955 9950 9946 9943 9940 9939 9939 9941 9947 9955 9964 9975
3739.2974 9985 9996 10010 10026 10041 10053 10060 10063 10063 10059 10054
3744.6006 10047 10040 10035 10032 10028 10022 10012 9998 9986 9979 9976 9978
3750.3860 9982 9987 9993 10000 10006 10010 10012 10013 10014 10015 10017 10020
3756.1714 10022 10024 10026 10029 10032 10034 10035 10035 10034 10031 10028
3761.4749 10024 10020 10017 10016 10015 10013 10011 10006 9999 9991 9983 9977
3767.2603 9974 9973 9975 9979 9983 9986 9988 9988 9988 9988 9989 9992 9997
3773.5276 10002 10006 10010 10012 10012 10009 10005 9999 9993 9989 9985 9983
3779.3130 9982 9981 9981 9981 9980 9980 9979 9978 9979 9980 9981 9983 9984
3785.5806 9984 9984 9982 9978 9974 9970 9968 9967 9968 9970 9972 9973 9973
3791.8481 9971 9968 9964 9961 9959 9959 9960 9962 9963 9963 9961 9957 9953
3798.1157 9950 9950 9953 9958 9965 9971 9976 9979 9980 9981 9981 9983 9986
3804.3831 9990 9996 10001 10007 10010 10012 10014 10014 10013 10013 10011
3809.6865 10009 10005 10000 9993 9986 9978 9971 9965 9959 9955 9951 9947 9944
3815.9539 9940 9936 9930 9924 9920 9917 9918 9920 9923 9925 9925 9924 9921
3822.2214 9918 9916 9918 9923 9932 9942 9951 9959 9964 9968 9971 9973 9975
3828.4890 9978 9982 9985 9987 9987 9985 9982 9980 9978 9978 9977 9975 9972
3834.7566 9966 9958 9951 9946 9944 9946 9952 9960 9967 9973 9977 9979 9980
3841.0239 9982 9987 9993 10001 10010 10017 10021 10022 10020 10015 10009 10003
3846.8093 9997 9993 9988 9984 9980 9974 9966 9958 9951 9946 9943 9941 9940
3853.0769 9941 9943 9945 9947 9948 9949 9950 9952 9959 9967 9976 9982 9986
3859.3445 9986 9983 9978 9972 9968 9969 9973 9978 9983 9986 9987 9984 9981
3865.6121 9977 9977 9981 9989 10000 10010 10018 10022 10023 10023 10023 10024
3871.3975 10026 10028 10031 10033 10034 10031 10027 10020 10012 10003 9994
3876.7007 9986 9979 9973 9969 9967 9966 9966 9966 9965 9964 9962 9961 9962
3882.9683 9966 9971 9977 9982 9985 9987 9987 9984 9980 9975 9970 9967 9966
3889.2356 9966 9964 9962 9958 9954 9950 9947 9945 9945 9948 9953 9961 9970
3895.5032 9979 9986 9990 9993 9995 9995 9996 9998 10001 10006 10011 10016
3901.2886 10020 10020 10017 10013 10010 10010 10012 10016 10020 10022 10022
3906.5918 10019 10014 10008 10002 9997 9991 9987 9982 9978 9975 9971 9969 9969
3912.8594 9971 9974 9980 9986 9992 9997 10001 10006 10010 10013 10015 10016
3918.6448 10014 10012 10008 10005 10001 9996 9991 9986 9980 9975 9971 9970
3924.4302 9970 9973 9977 9982 9987 9991 9993 9993 9990 9987 9984 9982 9982
3930.6978 9984 9987 9990 9993 9994 9993 9989 9985 9982 9981 9983 9987 9991
3936.9653 9994 9995 9994 9991 9988 9986 9986 9988 9992 9996 10001 10005 10008
3943.2327 10011 10013 10014 10013 10010 10004 9997 9989 9981 9974 9968 9963
3949.0181 9960 9957 9956 9956 9956 9958 9962 9967 9972 9978 9983 9987 9990
3955.2856 9993 9996 9998 10000 10000 9999 9999 10000 10004 10010 10016 10021
3961.0710 10024 10023 10020 10015 10009 10004 10000 9997 9992 9986 9977 9966
3966.8564 9956 9949 9945 9946 9951 9959 9967 9973 9978 9980 9981 9983 9987
3973.1240 9994 10002 10011 10017 10020 10019 10015 10010 10006 10003 10002
3978.4272 10003 10005 10008 10010 10011 10009 10005 10002 10001 10002 10005
3983.7305 10010 10015 10021 10027 10032 10037 10039 10039 10037 10035 10033
3989.0339 10033 10035 10038 10040 10041 10040 10035 10028 10020 10012 10006
3994.3372 10003 10001 9999 9997 9994 9988 9982 9974 9968 9964 9962 9962 9962
##END= 
