##TITLE=Spectrum
##JCAMP-DX=5.00 $$ chemotion-converter-app (0.1.0)
##DATA TYPE=INFRARED SPECTRUM
##DATA CLASS=NTUPLES
##ORIGIN=
##OWNER=
##FIRSTX=450.386221
##LASTX=4000.432643
##MINX=450.386221
##MAXX=4000.432643
##MINY=59.011228
##MAXY=105.098077
##NPOINTS=3682
##FIRSTY=91.041190
##XUNITS=1/CM
##YUNITS=TRANSMITTANCE
##XYPOINTS=(XY..XY)
450.386221, 91.041190
451.350645, 91.128792
452.315070, 90.817248
453.279494, 93.524267
454.243919, 94.469024
455.208343, 93.478763
456.172768, 93.859447
457.137192, 91.645523
458.101617, 88.097466
459.066041, 89.706350
460.030466, 91.225553
460.994890, 91.162381
461.959314, 92.601861
462.923739, 92.773888
463.888163, 93.516704
464.852588, 96.661579
465.817012, 96.928292
466.781437, 96.930974
467.745861, 98.508020
468.710286, 97.803784
469.674710, 97.478926
470.639135, 99.316279
471.603559, 99.474251
472.567983, 96.512245
473.532408, 95.938785
474.496832, 96.205894
475.461257, 96.146685
476.425681, 97.267515
477.390106, 96.502123
478.354530, 94.607201
479.318955, 94.656941
480.283379, 92.280200
481.247804, 89.879656
482.212228, 89.633288
483.176652, 88.447279
484.141077, 86.763125
485.105501, 87.685367
486.069926, 90.035277
487.034350, 92.093712
487.998775, 93.785780
488.963199, 94.328341
489.927624, 94.506844
490.892048, 96.197729
491.856473, 97.244257
492.820897, 97.125834
493.785321, 99.301512
494.749746, 99.784111
495.714170, 97.883378
496.678595, 97.930084
497.643019, 97.846296
498.607444, 97.406694
499.571868, 97.744765
500.536293, 97.714632
501.500717, 97.211490
502.465142, 97.634556
503.429566, 97.933176
504.393990, 97.819837
505.358415, 98.728965
506.322839, 98.290531
507.287264, 97.300420
508.251688, 98.682993
509.216113, 99.603753
510.180537, 98.947693
511.144962, 98.908209
512.109386, 99.067435
513.073811, 99.497085
514.038235, 99.862703
515.002660, 99.589234
515.967084, 99.870986
516.931508, 101.093024
517.895933, 100.665251
518.860357, 99.700672
519.824782, 99.897330
520.789206, 99.651294
521.753631, 98.793840
522.718055, 98.577865
523.682480, 98.789769
524.646904, 98.352304
525.611329, 98.569892
526.575753, 99.475893
527.540177, 99.947373
528.504602, 99.774244
529.469026, 99.365367
530.433451, 99.079338
531.397875, 99.679637
532.362300, 99.794410
533.326724, 98.971028
534.291149, 98.896416
535.255573, 99.642716
536.219998, 98.943152
537.184422, 98.518668
538.148846, 99.348477
539.113271, 99.703611
540.077695, 99.018786
541.042120, 98.798802
542.006544, 98.890267
542.970969, 99.087260
543.935393, 99.535329
544.899818, 99.080126
545.864242, 99.192577
546.828667, 99.471068
547.793091, 98.090204
548.757515, 97.597104
549.721940, 97.997263
550.686364, 97.191098
551.650789, 95.085786
552.615213, 92.636485
553.579638, 90.736049
554.544062, 91.056377
555.508487, 93.081042
556.472911, 95.562074
557.437336, 97.353113
558.401760, 97.925495
559.366184, 97.753717
560.330609, 97.987881
561.295033, 98.595898
562.259458, 98.696501
563.223882, 98.439982
564.188307, 99.282375
565.152731, 99.731275
566.117156, 100.017905
567.081580, 100.039672
568.046005, 99.731508
569.010429, 99.742392
569.974853, 99.854000
570.939278, 99.079836
571.903702, 98.633412
572.868127, 99.144816
573.832551, 98.987331
574.796976, 98.506325
575.761400, 98.697001
576.725825, 98.716159
577.690249, 98.624677
578.654674, 99.133135
579.619098, 99.429517
580.583523, 99.475862
581.547947, 99.897301
582.512371, 99.762215
583.476796, 99.325087
584.441220, 99.859985
585.405645, 100.024840
586.370069, 99.286318
587.334494, 99.876417
588.298918, 100.138225
589.263343, 99.711160
590.227767, 99.972617
591.192192, 99.787716
592.156616, 99.520082
593.121040, 100.000530
594.085465, 99.567271
595.049889, 99.443168
596.014314, 100.648282
596.978738, 100.360250
597.943163, 99.153643
598.907587, 99.278703
599.872012, 99.524078
600.836436, 99.466853
601.800861, 99.594481
602.765285, 99.988431
603.729709, 99.950847
604.694134, 99.930899
605.658558, 99.788052
606.622983, 99.750971
607.587407, 99.675730
608.551832, 99.339073
609.516256, 98.972178
610.480681, 99.433442
611.445105, 99.535256
612.409530, 99.404604
613.373954, 99.344389
614.338378, 99.401643
615.302803, 99.245526
616.267227, 99.437563
617.231652, 99.192660
618.196076, 98.870760
619.160501, 99.062202
620.124925, 98.672484
621.089350, 97.810370
622.053774, 97.975026
623.018199, 97.932742
623.982623, 96.479386
624.947047, 95.543206
625.911472, 94.939405
626.875896, 94.088545
627.840321, 93.797825
628.804745, 93.401948
629.769170, 93.286569
630.733594, 94.451340
631.698019, 95.953915
632.662443, 96.970868
633.626868, 98.386045
634.591292, 99.126145
635.555717, 98.530892
636.520141, 99.157298
637.484565, 100.206482
638.448990, 100.105249
639.413414, 100.037117
640.377839, 99.974394
641.342263, 99.755585
642.306688, 99.906971
643.271112, 99.953072
644.235537, 99.577178
645.199961, 99.983844
646.164386, 100.128807
647.128810, 99.896024
648.093234, 100.014186
649.057659, 100.103803
650.022083, 99.880888
650.986508, 100.070621
651.950932, 100.269897
652.915357, 100.031190
653.879781, 100.154471
654.844206, 99.749880
655.808630, 99.055252
656.773055, 99.140869
657.737479, 98.467526
658.701903, 97.061035
659.666328, 97.533013
660.630752, 97.774318
661.595177, 96.979658
662.559601, 96.970923
663.524026, 97.456400
664.488450, 97.371892
665.452875, 97.514294
666.417299, 97.916293
667.381724, 98.057000
668.346148, 97.296524
669.310572, 97.016645
670.274997, 96.770231
671.239421, 97.112674
672.203846, 97.157327
673.168270, 96.589116
674.132695, 96.662859
675.097119, 97.275105
676.061544, 97.059829
677.025968, 97.003714
677.990393, 96.835070
678.954817, 96.479936
679.919241, 96.537022
680.883666, 96.382060
681.848090, 96.204054
682.812515, 96.551244
683.776939, 96.262620
684.741364, 95.536595
685.705788, 95.188284
686.670213, 94.727825
687.634637, 94.067556
688.599062, 93.725550
689.563486, 93.222684
690.527910, 92.396715
691.492335, 91.586973
692.456759, 89.583713
693.421184, 87.101871
694.385608, 86.260405
695.350033, 87.173832
696.314457, 88.654314
697.278882, 91.119222
698.243306, 93.084163
699.207731, 93.694566
700.172155, 94.588667
701.136580, 95.006935
702.101004, 94.653872
703.065428, 95.360549
704.029853, 95.698659
704.994277, 95.221639
705.958702, 95.694867
706.923126, 96.095380
707.887551, 95.823089
708.851975, 96.320552
709.816400, 96.694301
710.780824, 96.691879
711.745249, 97.214801
712.709673, 97.306170
713.674097, 97.221127
714.638522, 97.417157
715.602946, 97.236502
716.567371, 96.980130
717.531795, 97.560324
718.496220, 97.263087
719.460644, 96.482799
720.425069, 96.668949
721.389493, 96.563220
722.353918, 96.319272
723.318342, 96.169515
724.282766, 96.194667
725.247191, 95.502513
726.211615, 95.012305
727.176040, 93.054983
728.140464, 89.836735
729.104889, 87.365079
730.069313, 86.701840
731.033738, 88.759037
731.998162, 92.627657
732.962587, 95.145141
733.927011, 95.826950
734.891435, 96.390083
735.855860, 97.045994
736.820284, 96.958285
737.784709, 97.145884
738.749133, 96.758691
739.713558, 96.449017
740.677982, 97.046903
741.642407, 96.749656
742.606831, 95.641973
743.571256, 95.895891
744.535680, 95.891593
745.500104, 95.032918
746.464529, 94.816562
747.428953, 94.139084
748.393378, 92.975116
749.357802, 91.946894
750.322227, 90.043807
751.286651, 87.366390
752.251076, 84.516660
753.215500, 80.141609
754.179925, 74.664938
755.144349, 70.763904
756.108774, 69.113332
757.073198, 69.978014
758.037622, 72.639350
759.002047, 75.951347
759.966471, 80.243740
760.930896, 85.103262
761.895320, 88.552586
762.859745, 90.742542
763.824169, 92.687192
764.788594, 93.230291
765.753018, 92.793169
766.717443, 93.244139
767.681867, 93.356906
768.646291, 92.792224
769.610716, 93.117205
770.575140, 93.027237
771.539565, 92.206100
772.503989, 91.682276
773.468414, 90.606195
774.432838, 89.403831
775.397263, 89.009232
776.361687, 87.940915
777.326112, 86.303399
778.290536, 85.307027
779.254960, 83.675020
780.219385, 81.737453
781.183809, 79.873109
782.148234, 77.650967
783.112658, 75.263701
784.077083, 72.922396
785.041507, 69.833470
786.005932, 66.291294
786.970356, 63.286227
787.934781, 60.498545
788.899205, 59.011228
789.863629, 60.274999
790.828054, 62.930437
791.792478, 64.933000
792.756903, 66.408605
793.721327, 67.254494
794.685752, 67.569292
795.650176, 67.722404
796.614601, 67.554159
797.579025, 67.614086
798.543450, 68.087563
799.507874, 68.357198
800.472298, 68.624189
801.436723, 69.452856
802.401147, 69.999210
803.365572, 70.324420
804.329996, 70.957424
805.294421, 71.738942
806.258845, 72.734932
807.223270, 73.539873
808.187694, 74.380138
809.152119, 75.456099
810.116543, 76.576808
811.080967, 76.886216
812.045392, 77.205078
813.009816, 78.011910
813.974241, 78.564176
814.938665, 78.731181
815.903090, 79.304526
816.867514, 79.807758
817.831939, 79.934561
818.796363, 80.319413
819.760788, 81.024581
820.725212, 81.805895
821.689637, 82.904612
822.654061, 83.396600
823.618485, 83.994170
824.582910, 85.230096
825.547334, 85.880493
826.511759, 86.075772
827.476183, 86.588231
828.440608, 86.710528
829.405032, 86.005314
830.369457, 85.282411
831.333881, 84.218802
832.298306, 83.067429
833.262730, 83.212219
834.227154, 84.562652
835.191579, 86.529442
836.156003, 88.053500
837.120428, 88.389657
838.084852, 88.167455
839.049277, 87.513710
840.013701, 86.073812
840.978126, 84.580008
841.942550, 83.898502
842.906975, 84.172001
843.871399, 85.684346
844.835823, 88.103847
845.800248, 90.016411
846.764672, 91.686616
847.729097, 93.083559
848.693521, 93.597435
849.657946, 93.745617
850.622370, 94.196671
851.586795, 94.495654
852.551219, 94.382082
853.515644, 94.480493
854.480068, 94.523858
855.444492, 94.418478
856.408917, 94.188160
857.373341, 93.636386
858.337766, 93.286180
859.302190, 93.344326
860.266615, 92.931513
861.231039, 92.216914
862.195464, 92.151047
863.159888, 91.706495
864.124313, 90.559713
865.088737, 89.769872
866.053161, 89.000005
867.017586, 87.922611
867.982010, 86.895133
868.946435, 85.895970
869.910859, 85.335948
870.875284, 85.859141
871.839708, 87.225153
872.804133, 88.769523
873.768557, 90.350228
874.732982, 91.476214
875.697406, 92.021993
876.661831, 92.577157
877.626255, 92.868731
878.590679, 92.354158
879.555104, 91.575586
880.519528, 91.013318
881.483953, 91.363878
882.448377, 92.765395
883.412802, 94.399142
884.377226, 95.777722
885.341651, 96.863322
886.306075, 97.312213
887.270500, 97.427710
888.234924, 97.742064
889.199348, 98.094996
890.163773, 98.309958
891.128197, 98.620271
892.092622, 98.886851
893.057046, 99.210697
894.021471, 99.421927
894.985895, 99.115949
895.950320, 99.135358
896.914744, 99.537540
897.879169, 99.711250
898.843593, 99.755525
899.808017, 99.644627
900.772442, 99.786986
901.736866, 100.106591
902.701291, 100.062859
903.665715, 99.701224
904.630140, 99.874597
905.594564, 100.075929
906.558989, 99.870293
907.523413, 99.864214
908.487838, 100.106180
909.452262, 100.182457
910.416686, 99.947677
911.381111, 99.829046
912.345535, 100.088077
913.309960, 100.171271
914.274384, 99.952223
915.238809, 99.638174
916.203233, 99.708597
917.167658, 99.683331
918.132082, 99.420849
919.096507, 99.354135
920.060931, 99.220650
921.025355, 98.822124
921.989780, 98.208838
922.954204, 97.707393
923.918629, 97.377542
924.883053, 97.071156
925.847478, 96.752706
926.811902, 97.135761
927.776327, 98.211177
928.740751, 98.887245
929.705176, 99.154427
930.669600, 99.460977
931.634024, 99.707965
932.598449, 99.884451
933.562873, 99.856907
934.527298, 100.047607
935.491722, 100.213686
936.456147, 100.051713
937.420571, 99.838767
938.384996, 99.827284
939.349420, 99.886992
940.313845, 99.577749
941.278269, 99.159057
942.242694, 98.799701
943.207118, 98.276260
944.171542, 97.199566
945.135967, 96.031875
946.100391, 96.162020
947.064816, 97.592032
948.029240, 98.923384
948.993665, 99.525044
949.958089, 99.798827
950.922514, 99.911262
951.886938, 99.711635
952.851363, 99.465144
953.815787, 99.826253
954.780211, 99.973390
955.744636, 99.913495
956.709060, 99.919608
957.673485, 99.889783
958.637909, 100.009915
959.602334, 99.662647
960.566758, 99.239089
961.531183, 99.314509
962.495607, 99.224777
963.460032, 98.759265
964.424456, 98.211898
965.388880, 97.722268
966.353305, 97.665154
967.317729, 97.907456
968.282154, 98.123329
969.246578, 98.316974
970.211003, 98.440675
971.175427, 98.353303
972.139852, 97.977584
973.104276, 97.816041
974.068701, 97.665386
975.033125, 97.074127
975.997549, 96.583761
976.961974, 96.452552
977.926398, 96.533664
978.890823, 96.677261
979.855247, 96.629492
980.819672, 96.389147
981.784096, 96.198187
982.748521, 95.911630
983.712945, 95.314345
984.677370, 94.899500
985.641794, 94.378301
986.606218, 93.618107
987.570643, 93.022295
988.535067, 92.421115
989.499492, 91.704798
990.463916, 90.993546
991.428341, 89.958327
992.392765, 88.769549
993.357190, 87.697238
994.321614, 86.353923
995.286039, 84.847148
996.250463, 83.464517
997.214888, 81.735653
998.179312, 79.748204
999.143736, 77.972658
1000.108161, 76.201276
1001.072585, 74.286912
1002.037010, 72.245189
1003.001434, 70.251660
1003.965859, 68.396969
1004.930283, 66.823657
1005.894708, 65.925171
1006.859132, 66.491784
1007.823557, 68.598291
1008.787981, 70.621771
1009.752405, 72.006868
1010.716830, 72.969352
1011.681254, 73.271583
1012.645679, 73.219217
1013.610103, 73.167037
1014.574528, 73.195701
1015.538952, 73.186523
1016.503377, 73.151542
1017.467801, 73.110998
1018.432226, 73.045740
1019.396650, 73.139383
1020.361074, 73.079285
1021.325499, 72.773935
1022.289923, 72.496723
1023.254348, 71.899790
1024.218772, 71.081392
1025.183197, 70.349809
1026.147621, 69.381014
1027.112046, 68.274601
1028.076470, 67.387359
1029.040895, 66.993718
1030.005319, 67.862635
1030.969743, 70.180803
1031.934168, 72.753260
1032.898592, 74.824163
1033.863017, 76.595662
1034.827441, 77.781122
1035.791866, 78.341303
1036.756290, 78.714005
1037.720715, 78.651474
1038.685139, 77.941007
1039.649564, 76.870751
1040.613988, 76.111449
1041.578412, 76.765139
1042.542837, 79.058839
1043.507261, 80.864843
1044.471686, 81.387872
1045.436110, 81.660471
1046.400535, 81.886202
1047.364959, 81.560785
1048.329384, 80.886158
1049.293808, 80.561664
1050.258233, 80.862268
1051.222657, 81.615430
1052.187081, 82.546319
1053.151506, 83.106695
1054.115930, 83.310140
1055.080355, 83.371700
1056.044779, 83.186524
1057.009204, 83.203705
1057.973628, 83.002336
1058.938053, 82.381182
1059.902477, 81.604069
1060.866902, 80.875273
1061.831326, 80.646810
1062.795751, 80.888951
1063.760175, 80.782891
1064.724599, 80.595687
1065.689024, 81.264100
1066.653448, 82.078922
1067.617873, 82.614020
1068.582297, 83.102347
1069.546722, 83.570883
1070.511146, 83.677537
1071.475571, 83.636497
1072.439995, 83.491420
1073.404420, 83.325656
1074.368844, 83.215726
1075.333268, 83.171823
1076.297693, 82.998250
1077.262117, 82.877078
1078.226542, 82.681324
1079.190966, 82.407880
1080.155391, 82.313482
1081.119815, 82.271231
1082.084240, 81.945945
1083.048664, 81.639758
1084.013089, 81.535607
1084.977513, 81.480639
1085.941937, 81.282869
1086.906362, 81.078566
1087.870786, 80.984380
1088.835211, 81.068839
1089.799635, 80.937908
1090.764060, 80.660808
1091.728484, 80.804606
1092.692909, 80.959866
1093.657333, 80.950158
1094.621758, 80.995944
1095.586182, 80.944243
1096.550606, 80.929592
1097.515031, 81.010624
1098.479455, 81.269364
1099.443880, 81.460715
1100.408304, 81.809774
1101.372729, 81.916928
1102.337153, 81.715408
1103.301578, 81.637084
1104.266002, 81.717732
1105.230427, 81.806370
1106.194851, 81.909118
1107.159275, 81.721941
1108.123700, 81.325762
1109.088124, 81.008430
1110.052549, 81.019289
1111.016973, 81.265079
1111.981398, 82.157968
1112.945822, 83.621270
1113.910247, 85.460873
1114.874671, 87.346985
1115.839096, 88.800508
1116.803520, 89.882990
1117.767945, 90.779620
1118.732369, 91.371234
1119.696793, 91.776009
1120.661218, 92.133942
1121.625642, 92.472775
1122.590067, 92.853268
1123.554491, 93.114321
1124.518916, 93.237379
1125.483340, 93.405306
1126.447765, 93.650754
1127.412189, 93.803483
1128.376614, 93.821877
1129.341038, 93.916896
1130.305462, 94.089036
1131.269887, 94.221238
1132.234311, 94.102347
1133.198736, 93.887214
1134.163160, 93.805864
1135.127585, 93.796284
1136.092009, 93.482122
1137.056434, 92.930230
1138.020858, 92.545505
1138.985283, 92.092531
1139.949707, 91.170131
1140.914131, 90.138768
1141.878556, 89.234159
1142.842980, 88.302741
1143.807405, 87.426098
1144.771829, 86.889817
1145.736254, 86.583007
1146.700678, 86.571484
1147.665103, 86.771436
1148.629527, 86.887581
1149.593952, 87.203577
1150.558376, 86.962653
1151.522800, 86.099695
1152.487225, 84.982590
1153.451649, 83.980603
1154.416074, 83.672888
1155.380498, 84.315145
1156.344923, 85.672834
1157.309347, 86.766596
1158.273772, 87.765109
1159.238196, 89.325262
1160.202621, 91.203449
1161.167045, 93.390753
1162.131469, 95.345431
1163.095894, 96.665476
1164.060318, 97.589943
1165.024743, 98.284354
1165.989167, 98.588919
1166.953592, 98.824851
1167.918016, 98.990098
1168.882441, 99.012234
1169.846865, 99.024432
1170.811290, 98.701798
1171.775714, 98.174932
1172.740138, 97.761233
1173.704563, 97.206325
1174.668987, 96.297523
1175.633412, 95.741392
1176.597836, 95.910361
1177.562261, 96.757612
1178.526685, 97.693950
1179.491110, 98.376038
1180.455534, 99.032490
1181.419959, 99.437144
1182.384383, 99.666860
1183.348808, 99.795000
1184.313232, 99.815087
1185.277656, 99.630465
1186.242081, 99.291741
1187.206505, 99.086002
1188.170930, 98.941299
1189.135354, 98.547373
1190.099779, 98.107795
1191.064203, 97.661464
1192.028628, 97.474957
1192.993052, 97.510737
1193.957477, 97.642314
1194.921901, 98.074031
1195.886325, 98.857248
1196.850750, 99.517467
1197.815174, 99.880260
1198.779599, 100.267774
1199.744023, 100.441155
1200.708448, 100.332533
1201.672872, 100.106692
1202.637297, 99.924547
1203.601721, 99.569582
1204.566146, 99.083189
1205.530570, 98.472489
1206.494994, 97.769034
1207.459419, 97.245271
1208.423843, 97.077543
1209.388268, 97.315440
1210.352692, 97.998820
1211.317117, 98.806708
1212.281541, 99.361106
1213.245966, 99.581076
1214.210390, 99.734953
1215.174815, 99.930545
1216.139239, 99.992380
1217.103663, 99.789838
1218.068088, 99.631207
1219.032512, 99.717282
1219.996937, 99.505052
1220.961361, 99.136445
1221.925786, 98.757814
1222.890210, 98.252719
1223.854635, 97.643256
1224.819059, 96.928702
1225.783484, 96.124375
1226.747908, 95.638051
1227.712332, 95.335218
1228.676757, 94.883034
1229.641181, 94.629096
1230.605606, 94.824557
1231.570030, 95.260791
1232.534455, 95.902403
1233.498879, 96.712982
1234.463304, 97.521521
1235.427728, 98.070716
1236.392153, 98.460707
1237.356577, 98.811754
1238.321002, 99.012254
1239.285426, 98.959124
1240.249850, 98.917424
1241.214275, 98.862425
1242.178699, 98.565198
1243.143124, 98.016065
1244.107548, 97.433880
1245.071973, 96.948157
1246.036397, 96.291452
1247.000822, 95.236815
1247.965246, 93.850354
1248.929671, 92.410724
1249.894095, 90.841102
1250.858519, 89.210762
1251.822944, 87.830569
1252.787368, 86.582130
1253.751793, 85.323831
1254.716217, 84.139948
1255.680642, 82.884450
1256.645066, 81.622353
1257.609491, 80.473780
1258.573915, 79.520059
1259.538340, 78.963679
1260.502764, 78.903045
1261.467188, 79.324772
1262.431613, 80.029945
1263.396037, 81.027621
1264.360462, 82.293712
1265.324886, 83.546931
1266.289311, 84.774112
1267.253735, 85.948003
1268.218160, 87.191394
1269.182584, 88.484952
1270.147009, 89.947932
1271.111433, 91.527265
1272.075857, 93.009970
1273.040282, 94.324391
1274.004706, 95.421756
1274.969131, 96.250597
1275.933555, 96.950255
1276.897980, 97.544103
1277.862404, 97.857285
1278.826829, 98.065753
1279.791253, 98.322975
1280.755678, 98.553267
1281.720102, 98.797304
1282.684526, 98.963647
1283.648951, 99.183642
1284.613375, 99.294443
1285.577800, 99.363538
1286.542224, 99.571693
1287.506649, 99.640575
1288.471073, 99.602217
1289.435498, 99.705631
1290.399922, 99.842581
1291.364347, 100.033834
1292.328771, 100.100599
1293.293195, 100.092178
1294.257620, 100.140185
1295.222044, 100.252882
1296.186469, 100.227515
1297.150893, 100.087665
1298.115318, 100.081882
1299.079742, 100.187335
1300.044167, 100.140911
1301.008591, 99.999248
1301.973016, 99.847305
1302.937440, 99.738354
1303.901865, 99.633802
1304.866289, 99.523878
1305.830713, 99.494366
1306.795138, 99.481375
1307.759562, 99.379352
1308.723987, 99.159978
1309.688411, 98.978624
1310.652836, 98.912287
1311.617260, 98.903142
1312.581685, 98.637515
1313.546109, 98.306704
1314.510534, 98.206065
1315.474958, 97.974650
1316.439382, 97.632476
1317.403807, 97.235992
1318.368231, 97.131621
1319.332656, 96.913541
1320.297080, 96.718797
1321.261505, 96.365123
1322.225929, 96.660315
1323.190354, 96.144250
1324.154778, 95.620709
1325.119203, 94.999426
1326.083627, 94.368872
1327.048051, 93.665518
1328.012476, 92.914455
1328.976900, 92.225272
1329.941325, 91.688422
1330.905749, 91.413923
1331.870174, 91.524270
1332.834598, 92.179191
1333.799023, 93.298016
1334.763447, 94.545109
1335.727872, 95.746842
1336.692296, 96.798476
1337.656720, 97.871484
1338.621145, 98.475346
1339.585569, 98.826125
1340.549994, 99.172974
1341.514418, 99.595566
1342.478843, 99.280222
1343.443267, 99.377387
1344.407692, 99.437377
1345.372116, 99.544388
1346.336541, 99.609052
1347.300965, 99.774533
1348.265389, 99.975645
1349.229814, 99.974136
1350.194238, 99.910774
1351.158663, 99.875513
1352.123087, 99.846791
1353.087512, 99.690951
1354.051936, 99.392751
1355.016361, 99.009633
1355.980785, 98.826149
1356.945210, 99.144409
1357.909634, 98.852261
1358.874059, 98.546833
1359.838483, 98.547506
1360.802907, 98.264567
1361.767332, 97.793177
1362.731756, 97.329229
1363.696181, 96.468604
1364.660605, 96.393412
1365.625030, 96.090059
1366.589454, 95.502675
1367.553879, 94.997657
1368.518303, 94.140368
1369.482728, 92.854014
1370.447152, 91.379954
1371.411576, 89.352257
1372.376001, 87.309767
1373.340425, 85.932611
1374.304850, 86.500244
1375.269274, 88.821962
1376.233699, 90.999461
1377.198123, 91.463067
1378.162548, 91.562154
1379.126972, 91.060190
1380.091397, 90.427317
1381.055821, 89.614298
1382.020245, 88.859560
1382.984670, 87.655447
1383.949094, 86.174496
1384.913519, 84.227801
1385.877943, 82.466599
1386.842368, 80.757510
1387.806792, 78.244731
1388.771217, 76.293308
1389.735641, 75.096620
1390.700066, 74.382864
1391.664490, 74.561659
1392.628914, 75.755360
1393.593339, 77.507262
1394.557763, 79.339959
1395.522188, 81.237406
1396.486612, 83.041840
1397.451037, 84.458460
1398.415461, 85.201301
1399.379886, 84.717193
1400.344310, 83.656424
1401.308735, 82.688260
1402.273159, 81.907201
1403.237583, 81.477939
1404.202008, 80.282120
1405.166432, 78.324870
1406.130857, 77.945959
1407.095281, 79.241927
1408.059706, 80.958742
1409.024130, 83.177042
1409.988555, 86.342077
1410.952979, 90.262631
1411.917404, 93.319928
1412.881828, 95.053151
1413.846252, 95.340764
1414.810677, 94.521028
1415.775101, 92.339230
1416.739526, 89.676025
1417.703950, 87.233642
1418.668375, 86.542013
1419.632799, 86.316349
1420.597224, 87.831922
1421.561648, 89.829069
1422.526073, 91.828718
1423.490497, 93.412747
1424.454922, 94.402152
1425.419346, 95.185020
1426.383770, 95.399611
1427.348195, 95.110406
1428.312619, 94.463406
1429.277044, 94.093103
1430.241468, 93.635936
1431.205893, 93.603406
1432.170317, 93.577292
1433.134742, 92.921259
1434.099166, 91.883887
1435.063591, 91.184812
1436.028015, 91.006542
1436.992439, 89.237182
1437.956864, 89.070619
1438.921288, 89.580788
1439.885713, 89.551034
1440.850137, 89.187448
1441.814562, 88.597531
1442.778986, 88.386616
1443.743411, 88.747581
1444.707835, 89.104109
1445.672260, 89.272628
1446.636684, 90.283871
1447.601108, 90.047170
1448.565533, 88.675921
1449.529957, 87.987120
1450.494382, 87.843644
1451.458806, 87.993978
1452.423231, 87.976070
1453.387655, 87.821875
1454.352080, 87.453665
1455.316504, 87.148481
1456.280929, 87.334687
1457.245353, 85.994151
1458.209777, 85.713404
1459.174202, 85.636394
1460.138626, 85.474315
1461.103051, 85.289534
1462.067475, 84.777614
1463.031900, 84.555283
1463.996324, 85.040403
1464.960749, 85.656746
1465.925173, 86.720985
1466.889598, 88.588976
1467.854022, 89.929500
1468.818446, 91.806535
1469.782871, 93.327336
1470.747295, 95.163698
1471.711720, 95.890484
1472.676144, 95.839841
1473.640569, 95.515244
1474.604993, 95.498085
1475.569418, 95.709638
1476.533842, 93.704620
1477.498267, 91.712302
1478.462691, 89.624732
1479.427116, 85.980443
1480.391540, 82.633150
1481.355964, 81.165344
1482.320389, 83.124553
1483.284813, 87.307566
1484.249238, 91.366975
1485.213662, 93.854840
1486.178087, 96.253982
1487.142511, 97.182029
1488.106936, 97.669169
1489.071360, 98.575102
1490.035785, 98.884116
1491.000209, 98.790671
1491.964633, 99.342013
1492.929058, 99.983351
1493.893482, 99.905706
1494.857907, 100.057458
1495.822331, 100.194308
1496.786756, 98.666819
1497.751180, 99.027576
1498.715605, 98.457033
1499.680029, 96.980511
1500.644454, 96.726453
1501.608878, 95.951218
1502.573302, 94.909831
1503.537727, 94.105436
1504.502151, 93.536987
1505.466576, 93.132297
1506.431000, 90.637184
1507.395425, 87.998507
1508.359849, 86.597552
1509.324274, 85.681269
1510.288698, 84.224883
1511.253123, 83.305489
1512.217547, 81.912051
1513.181971, 80.308219
1514.146396, 79.338489
1515.110820, 78.046201
1516.075245, 77.260313
1517.039669, 76.318683
1518.004094, 75.722282
1518.968518, 76.257805
1519.932943, 76.960996
1520.897367, 77.270230
1521.861792, 78.134224
1522.826216, 79.168626
1523.790640, 80.716531
1524.755065, 82.308912
1525.719489, 83.524308
1526.683914, 84.850442
1527.648338, 86.153716
1528.612763, 87.303193
1529.577187, 88.218475
1530.541612, 89.029393
1531.506036, 89.563202
1532.470461, 90.220500
1533.434885, 90.221979
1534.399309, 89.277476
1535.363734, 89.288349
1536.328158, 89.019320
1537.292583, 89.028159
1538.257007, 89.240952
1539.221432, 88.042414
1540.185856, 85.995952
1541.150281, 86.308704
1542.114705, 86.043499
1543.079130, 85.647169
1544.043554, 86.654952
1545.007979, 87.395779
1545.972403, 87.993890
1546.936827, 89.350603
1547.901252, 90.746340
1548.865676, 92.169555
1549.830101, 93.001818
1550.794525, 93.827753
1551.758950, 95.128587
1552.723374, 96.227017
1553.687799, 97.251744
1554.652223, 96.899778
1555.616648, 97.502569
1556.581072, 98.923545
1557.545496, 100.199199
1558.509921, 99.175482
1559.474345, 99.180743
1560.438770, 98.190250
1561.403194, 98.802238
1562.367619, 99.469212
1563.332043, 99.904886
1564.296468, 100.105786
1565.260892, 99.598265
1566.225317, 99.706113
1567.189741, 99.974103
1568.154165, 100.601903
1569.118590, 100.910116
1570.083014, 99.476416
1571.047439, 99.667533
1572.011863, 100.141791
1572.976288, 100.123535
1573.940712, 100.213636
1574.905137, 101.079574
1575.869561, 101.502951
1576.833986, 99.264754
1577.798410, 99.519587
1578.762834, 99.812399
1579.727259, 99.929647
1580.691683, 99.897703
1581.656108, 99.927749
1582.620532, 100.022173
1583.584957, 100.077282
1584.549381, 99.823449
1585.513806, 99.721294
1586.478230, 99.642185
1587.442655, 99.322573
1588.407079, 98.810420
1589.371503, 98.441340
1590.335928, 97.782330
1591.300352, 97.063321
1592.264777, 96.510495
1593.229201, 96.444267
1594.193626, 96.543214
1595.158050, 96.788030
1596.122475, 97.327357
1597.086899, 97.876838
1598.051324, 98.527245
1599.015748, 99.008855
1599.980173, 99.222527
1600.944597, 99.421833
1601.909021, 99.515712
1602.873446, 99.509377
1603.837870, 99.445203
1604.802295, 99.569551
1605.766719, 99.731432
1606.731144, 99.822714
1607.695568, 99.746549
1608.659993, 99.801564
1609.624417, 99.744257
1610.588842, 99.816173
1611.553266, 99.936345
1612.517690, 99.943763
1613.482115, 99.991346
1614.446539, 100.141309
1615.410964, 101.012868
1616.375388, 101.333792
1617.339813, 99.710566
1618.304237, 99.945119
1619.268662, 100.160522
1620.233086, 100.329151
1621.197511, 100.420823
1622.161935, 100.635113
1623.126359, 100.474780
1624.090784, 99.983736
1625.055208, 100.191384
1626.019633, 100.324997
1626.984057, 100.451143
1627.948482, 100.214027
1628.912906, 100.154757
1629.877331, 100.271216
1630.841755, 100.196808
1631.806180, 100.142138
1632.770604, 100.231823
1633.735028, 100.475350
1634.699453, 101.309615
1635.663877, 99.817802
1636.628302, 99.878193
1637.592726, 100.052320
1638.557151, 99.842350
1639.521575, 100.042730
1640.486000, 100.027520
1641.450424, 99.951477
1642.414849, 99.910028
1643.379273, 100.076259
1644.343697, 100.358381
1645.308122, 101.155900
1646.272546, 100.284798
1647.236971, 100.006857
1648.201395, 99.657719
1649.165820, 99.805392
1650.130244, 100.142299
1651.094669, 100.913243
1652.059093, 102.616698
1653.023518, 100.185163
1653.987942, 98.897673
1654.952366, 99.552112
1655.916791, 100.018022
1656.881215, 100.134190
1657.845640, 100.007527
1658.810064, 100.035428
1659.774489, 99.987161
1660.738913, 100.038130
1661.703338, 100.250668
1662.667762, 100.089265
1663.632187, 99.630732
1664.596611, 99.816031
1665.561036, 99.751301
1666.525460, 99.922466
1667.489884, 100.079953
1668.454309, 100.448732
1669.418733, 99.615297
1670.383158, 99.704628
1671.347582, 99.926586
1672.312007, 99.695634
1673.276431, 99.915695
1674.240856, 100.692375
1675.205280, 100.265451
1676.169705, 99.313442
1677.134129, 99.869987
1678.098553, 100.084384
1679.062978, 100.292778
1680.027402, 100.139701
1680.991827, 99.909573
1681.956251, 100.392293
1682.920676, 101.278176
1683.885100, 100.886080
1684.849525, 98.997524
1685.813949, 99.290825
1686.778374, 100.042850
1687.742798, 100.124446
1688.707222, 99.907329
1689.671647, 99.914692
1690.636071, 99.776545
1691.600496, 99.831006
1692.564920, 99.959955
1693.529345, 100.014502
1694.493769, 100.760780
1695.458194, 100.994834
1696.422618, 98.912866
1697.387043, 99.600571
1698.351467, 100.012238
1699.315891, 101.431410
1700.280316, 99.865404
1701.244740, 98.172158
1702.209165, 99.427176
1703.173589, 99.879488
1704.138014, 99.855436
1705.102438, 99.741365
1706.066863, 99.919409
1707.031287, 99.470944
1707.995712, 99.681650
1708.960136, 99.947289
1709.924560, 99.851018
1710.888985, 99.612368
1711.853409, 99.893940
1712.817834, 100.121604
1713.782258, 100.213999
1714.746683, 99.921556
1715.711107, 99.764663
1716.675532, 100.662368
1717.639956, 100.160023
1718.604381, 99.045269
1719.568805, 99.502769
1720.533230, 99.896192
1721.497654, 99.947938
1722.462078, 99.951846
1723.426503, 99.865767
1724.390927, 99.773096
1725.355352, 99.808547
1726.319776, 99.693319
1727.284201, 99.667948
1728.248625, 99.728502
1729.213050, 99.945335
1730.177474, 99.603640
1731.141899, 99.581689
1732.106323, 100.112770
1733.070747, 100.900229
1734.035172, 100.001592
1734.999596, 98.812724
1735.964021, 99.495050
1736.928445, 99.902739
1737.892870, 99.951195
1738.857294, 100.283609
1739.821719, 99.985174
1740.786143, 99.705772
1741.750568, 100.071722
1742.714992, 100.178105
1743.679416, 99.906669
1744.643841, 99.864049
1745.608265, 99.957706
1746.572690, 100.052827
1747.537114, 100.114378
1748.501539, 100.108234
1749.465963, 99.950176
1750.430388, 100.463566
1751.394812, 99.934371
1752.359237, 99.709290
1753.323661, 100.067849
1754.288085, 100.053544
1755.252510, 100.234264
1756.216934, 100.399127
1757.181359, 99.774979
1758.145783, 99.745118
1759.110208, 99.993798
1760.074632, 100.150058
1761.039057, 100.532254
1762.003481, 99.901044
1762.967906, 99.804773
1763.932330, 100.108344
1764.896754, 100.043906
1765.861179, 99.980279
1766.825603, 100.285741
1767.790028, 100.390344
1768.754452, 99.692018
1769.718877, 100.160651
1770.683301, 100.581892
1771.647726, 100.543405
1772.612150, 99.941739
1773.576575, 99.612976
1774.540999, 100.259533
1775.505423, 100.346843
1776.469848, 100.133224
1777.434272, 100.137572
1778.398697, 100.155905
1779.363121, 100.182746
1780.327546, 100.138701
1781.291970, 99.856906
1782.256395, 100.064144
1783.220819, 100.158240
1784.185244, 100.246254
1785.149668, 99.960413
1786.114093, 99.866138
1787.078517, 99.939550
1788.042941, 99.940233
1789.007366, 99.971748
1789.971790, 100.211953
1790.936215, 100.185951
1791.900639, 100.254074
1792.865064, 99.746939
1793.829488, 99.631664
1794.793913, 99.942169
1795.758337, 99.770513
1796.722762, 99.738317
1797.687186, 99.827675
1798.651610, 100.095671
1799.616035, 99.951425
1800.580459, 99.941082
1801.544884, 100.081185
1802.509308, 99.902746
1803.473733, 99.918039
1804.438157, 100.119067
1805.402582, 100.201826
1806.367006, 100.250896
1807.331431, 100.219007
1808.295855, 100.075471
1809.260279, 100.210240
1810.224704, 100.193374
1811.189128, 99.911270
1812.153553, 100.036522
1813.117977, 100.119010
1814.082402, 100.073490
1815.046826, 100.010637
1816.011251, 100.164269
1816.975675, 100.126664
1817.940100, 100.038446
1818.904524, 100.136279
1819.868948, 100.268108
1820.833373, 100.191188
1821.797797, 99.996793
1822.762222, 99.843660
1823.726646, 100.092952
1824.691071, 100.309740
1825.655495, 99.846094
1826.619920, 100.027077
1827.584344, 100.202380
1828.548769, 100.287591
1829.513193, 100.250306
1830.477617, 99.779444
1831.442042, 99.991372
1832.406466, 100.141034
1833.370891, 100.080843
1834.335315, 100.174526
1835.299740, 100.251590
1836.264164, 100.206085
1837.228589, 100.126898
1838.193013, 100.167633
1839.157438, 100.189882
1840.121862, 100.056573
1841.086287, 100.090028
1842.050711, 100.071654
1843.015135, 100.621522
1843.979560, 100.470471
1844.943984, 99.250833
1845.908409, 99.696615
1846.872833, 99.994882
1847.837258, 99.884944
1848.801682, 99.743168
1849.766107, 99.833001
1850.730531, 99.827102
1851.694956, 99.937870
1852.659380, 99.920113
1853.623804, 99.920217
1854.588229, 99.951092
1855.552653, 99.980109
1856.517078, 99.983776
1857.481502, 100.006378
1858.445927, 100.003040
1859.410351, 99.979991
1860.374776, 99.953982
1861.339200, 100.089090
1862.303625, 100.089573
1863.268049, 100.016083
1864.232473, 100.234144
1865.196898, 100.488848
1866.161322, 100.361424
1867.125747, 100.342229
1868.090171, 100.229953
1869.054596, 99.982257
1870.019020, 99.616105
1870.983445, 100.147061
1871.947869, 100.485608
1872.912294, 100.791604
1873.876718, 100.579999
1874.841142, 100.312819
1875.805567, 100.150498
1876.769991, 100.178999
1877.734416, 100.042365
1878.698840, 100.112261
1879.663265, 100.155334
1880.627689, 100.027946
1881.592114, 99.809784
1882.556538, 99.743339
1883.520963, 99.934870
1884.485387, 99.897569
1885.449811, 99.631814
1886.414236, 99.635512
1887.378660, 99.715008
1888.343085, 99.939541
1889.307509, 100.095484
1890.271934, 99.902309
1891.236358, 99.948173
1892.200783, 100.058285
1893.165207, 99.961612
1894.129632, 100.009810
1895.094056, 100.204872
1896.058480, 100.240682
1897.022905, 100.227088
1897.987329, 99.933438
1898.951754, 99.917499
1899.916178, 99.660187
1900.880603, 99.374253
1901.845027, 99.493725
1902.809452, 99.815119
1903.773876, 99.832754
1904.738301, 99.825070
1905.702725, 99.744628
1906.667150, 99.687274
1907.631574, 99.618512
1908.595998, 99.741039
1909.560423, 99.891451
1910.524847, 99.817040
1911.489272, 99.940836
1912.453696, 100.012324
1913.418121, 99.632796
1914.382545, 99.577334
1915.346970, 99.628440
1916.311394, 100.092282
1917.275819, 100.868725
1918.240243, 99.619255
1919.204667, 99.414721
1920.169092, 100.083552
1921.133516, 100.150191
1922.097941, 100.089951
1923.062365, 99.760110
1924.026790, 99.627553
1924.991214, 99.738865
1925.955639, 100.505916
1926.920063, 100.562742
1927.884488, 100.344102
1928.848912, 100.064714
1929.813336, 99.987456
1930.777761, 100.186410
1931.742185, 100.406210
1932.706610, 100.057426
1933.671034, 100.320497
1934.635459, 101.290698
1935.599883, 101.487957
1936.564308, 100.676936
1937.528732, 100.335632
1938.493157, 100.041294
1939.457581, 99.839620
1940.422005, 100.475456
1941.386430, 100.953774
1942.350854, 101.084811
1943.315279, 100.032270
1944.279703, 99.915827
1945.244128, 100.150131
1946.208552, 100.287765
1947.172977, 100.569354
1948.137401, 100.570779
1949.101826, 100.094945
1950.066250, 101.159720
1951.030674, 101.011890
1951.995099, 100.660385
1952.959523, 100.737470
1953.923948, 100.612048
1954.888372, 100.169020
1955.852797, 99.663204
1956.817221, 100.126264
1957.781646, 101.516348
1958.746070, 101.206430
1959.710495, 101.379676
1960.674919, 102.067415
1961.639344, 101.568027
1962.603768, 99.656794
1963.568192, 99.255106
1964.532617, 99.967839
1965.497041, 100.831071
1966.461466, 100.204616
1967.425890, 99.151436
1968.390315, 99.956070
1969.354739, 100.547371
1970.319164, 99.851572
1971.283588, 99.989180
1972.248013, 100.285650
1973.212437, 100.772249
1974.176861, 100.639920
1975.141286, 100.291242
1976.105710, 99.394619
1977.070135, 99.001171
1978.034559, 98.812273
1978.998984, 98.631677
1979.963408, 97.971525
1980.927833, 99.305533
1981.892257, 101.462335
1982.856682, 101.237378
1983.821106, 99.700996
1984.785530, 100.222818
1985.749955, 101.140551
1986.714379, 100.359840
1987.678804, 99.737305
1988.643228, 99.965524
1989.607653, 100.544523
1990.572077, 101.408960
1991.536502, 101.436354
1992.500926, 101.037725
1993.465351, 100.692658
1994.429775, 100.902489
1995.394199, 101.655157
1996.358624, 101.228013
1997.323048, 100.817202
1998.287473, 101.928724
1999.251897, 102.206050
2000.216322, 101.898050
2001.180746, 101.186142
2002.145171, 100.704549
2003.109595, 100.446075
2004.074020, 100.750860
2005.038444, 101.051368
2006.002868, 101.501212
2006.967293, 101.473857
2007.931717, 100.395238
2008.896142, 99.610868
2009.860566, 98.985504
2010.824991, 98.723320
2011.789415, 99.197347
2012.753840, 99.736754
2013.718264, 99.546979
2014.682689, 99.471682
2015.647113, 99.764692
2016.611537, 99.554675
2017.575962, 100.515977
2018.540386, 100.687883
2019.504811, 99.774256
2020.469235, 99.472827
2021.433660, 101.218075
2022.398084, 100.866795
2023.362509, 99.216322
2024.326933, 98.053544
2025.291358, 99.006214
2026.255782, 100.428624
2027.220207, 100.181213
2028.184631, 99.373967
2029.149055, 99.828903
2030.113480, 99.946356
2031.077904, 99.198277
2032.042329, 99.696456
2033.006753, 99.746570
2033.971178, 99.222377
2034.935602, 99.731006
2035.900027, 99.800771
2036.864451, 100.167888
2037.828876, 99.570095
2038.793300, 99.070875
2039.757724, 99.065679
2040.722149, 100.799506
2041.686573, 101.296837
2042.650998, 100.409330
2043.615422, 98.552160
2044.579847, 97.665055
2045.544271, 98.386585
2046.508696, 99.791169
2047.473120, 100.741284
2048.437545, 100.814097
2049.401969, 101.302519
2050.366393, 100.909694
2051.330818, 99.705275
2052.295242, 99.373662
2053.259667, 100.215338
2054.224091, 100.695436
2055.188516, 99.873805
2056.152940, 99.867934
2057.117365, 100.695394
2058.081789, 100.653805
2059.046214, 99.928022
2060.010638, 99.412685
2060.975062, 99.908320
2061.939487, 100.086606
2062.903911, 99.889791
2063.868336, 99.700382
2064.832760, 99.893105
2065.797185, 100.122555
2066.761609, 100.150199
2067.726034, 100.073862
2068.690458, 99.865494
2069.654883, 100.011005
2070.619307, 100.066652
2071.583731, 99.599656
2072.548156, 99.582534
2073.512580, 99.617481
2074.477005, 99.984100
2075.441429, 99.929521
2076.405854, 99.842478
2077.370278, 99.661156
2078.334703, 99.481665
2079.299127, 99.712512
2080.263552, 100.409240
2081.227976, 100.769027
2082.192401, 100.668862
2083.156825, 100.166441
2084.121249, 99.732115
2085.085674, 100.252964
2086.050098, 100.938414
2087.014523, 100.746477
2087.978947, 99.900062
2088.943372, 99.615037
2089.907796, 99.827049
2090.872221, 99.790755
2091.836645, 99.644369
2092.801070, 99.655219
2093.765494, 100.024002
2094.729918, 99.998926
2095.694343, 99.659098
2096.658767, 99.460977
2097.623192, 99.582659
2098.587616, 99.604955
2099.552041, 100.016801
2100.516465, 100.318860
2101.480890, 99.808574
2102.445314, 99.715402
2103.409739, 100.183175
2104.374163, 100.458107
2105.338587, 100.286962
2106.303012, 99.883123
2107.267436, 99.706178
2108.231861, 99.571563
2109.196285, 99.654995
2110.160710, 99.719447
2111.125134, 99.684550
2112.089559, 99.468483
2113.053983, 99.443436
2114.018408, 100.267175
2114.982832, 100.416542
2115.947256, 100.198088
2116.911681, 100.253418
2117.876105, 100.083485
2118.840530, 99.894873
2119.804954, 100.652896
2120.769379, 100.642919
2121.733803, 100.010684
2122.698228, 100.137275
2123.662652, 100.020058
2124.627077, 99.990384
2125.591501, 100.613158
2126.555925, 101.086684
2127.520350, 100.612848
2128.484774, 99.547752
2129.449199, 99.317869
2130.413623, 99.485593
2131.378048, 99.646850
2132.342472, 99.583863
2133.306897, 99.548975
2134.271321, 99.847656
2135.235746, 100.326133
2136.200170, 100.756354
2137.164594, 100.373055
2138.129019, 100.466507
2139.093443, 100.969098
2140.057868, 100.772531
2141.022292, 100.332162
2141.986717, 100.105716
2142.951141, 99.521560
2143.915566, 99.293808
2144.879990, 100.257092
2145.844415, 101.128907
2146.808839, 100.116065
2147.773264, 99.600187
2148.737688, 99.886585
2149.702112, 100.191736
2150.666537, 101.086644
2151.630961, 101.109015
2152.595386, 99.611545
2153.559810, 99.106582
2154.524235, 99.311698
2155.488659, 100.020968
2156.453084, 100.604448
2157.417508, 100.360239
2158.381933, 99.449121
2159.346357, 99.035313
2160.310781, 98.743052
2161.275206, 98.990871
2162.239630, 100.357629
2163.204055, 100.764068
2164.168479, 100.090431
2165.132904, 100.407151
2166.097328, 100.179266
2167.061753, 99.699742
2168.026177, 99.349191
2168.990602, 99.675671
2169.955026, 99.172006
2170.919450, 99.169278
2171.883875, 99.016926
2172.848299, 99.199701
2173.812724, 99.873818
2174.777148, 100.153314
2175.741573, 99.263638
2176.705997, 99.184028
2177.670422, 100.107202
2178.634846, 99.601581
2179.599271, 98.161865
2180.563695, 98.999141
2181.528119, 98.854496
2182.492544, 97.858880
2183.456968, 98.279911
2184.421393, 99.456603
2185.385817, 100.019498
2186.350242, 99.590907
2187.314666, 99.797359
2188.279091, 100.599594
2189.243515, 99.233454
2190.207940, 99.128391
2191.172364, 101.165834
2192.136788, 100.775539
2193.101213, 99.691281
2194.065637, 99.015038
2195.030062, 99.486633
2195.994486, 99.639002
2196.958911, 99.980607
2197.923335, 100.445439
2198.887760, 99.151376
2199.852184, 98.159394
2200.816609, 98.072165
2201.781033, 98.963249
2202.745458, 100.122898
2203.709882, 99.415513
2204.674306, 98.769485
2205.638731, 99.189074
2206.603155, 99.674094
2207.567580, 100.291249
2208.532004, 100.164430
2209.496429, 99.490794
2210.460853, 100.053638
2211.425278, 100.534450
2212.389702, 100.586665
2213.354127, 101.109232
2214.318551, 100.074989
2215.282975, 99.663777
2216.247400, 99.844093
2217.211824, 99.939866
2218.176249, 99.655264
2219.140673, 99.597946
2220.105098, 99.827009
2221.069522, 99.561996
2222.033947, 99.141245
2222.998371, 99.056245
2223.962796, 99.285885
2224.927220, 100.504680
2225.891644, 100.537277
2226.856069, 99.288251
2227.820493, 98.900938
2228.784918, 98.797651
2229.749342, 99.473184
2230.713767, 100.256753
2231.678191, 100.308406
2232.642616, 100.389290
2233.607040, 99.840651
2234.571465, 99.362744
2235.535889, 99.111548
2236.500313, 99.545760
2237.464738, 99.671399
2238.429162, 99.425379
2239.393587, 99.657039
2240.358011, 99.843594
2241.322436, 100.091454
2242.286860, 99.944729
2243.251285, 100.169407
2244.215709, 100.270192
2245.180134, 99.777449
2246.144558, 99.428130
2247.108982, 99.090883
2248.073407, 99.136467
2249.037831, 99.498146
2250.002256, 99.822602
2250.966680, 99.381725
2251.931105, 99.232655
2252.895529, 99.934734
2253.859954, 99.961279
2254.824378, 99.594146
2255.788803, 99.337005
2256.753227, 99.472074
2257.717651, 99.613581
2258.682076, 100.111085
2259.646500, 100.139911
2260.610925, 99.678471
2261.575349, 99.572843
2262.539774, 100.136714
2263.504198, 100.412777
2264.468623, 100.292146
2265.433047, 99.925573
2266.397472, 99.276810
2267.361896, 99.542204
2268.326321, 100.023885
2269.290745, 99.972014
2270.255169, 100.116115
2271.219594, 100.491692
2272.184018, 100.159319
2273.148443, 99.674607
2274.112867, 99.257299
2275.077292, 99.530237
2276.041716, 99.544482
2277.006141, 99.337122
2277.970565, 99.621573
2278.934990, 99.735216
2279.899414, 99.628505
2280.863838, 99.709054
2281.828263, 99.797774
2282.792687, 100.010022
2283.757112, 100.131291
2284.721536, 99.863250
2285.685961, 99.598250
2286.650385, 99.920378
2287.614810, 99.968031
2288.579234, 99.924346
2289.543659, 100.113811
2290.508083, 99.678049
2291.472507, 99.655492
2292.436932, 99.611119
2293.401356, 99.803548
2294.365781, 99.976141
2295.330205, 99.915526
2296.294630, 99.920477
2297.259054, 100.000760
2298.223479, 100.076429
2299.187903, 100.132493
2300.152328, 100.072101
2301.116752, 100.023683
2302.081176, 99.969968
2303.045601, 99.437468
2304.010025, 99.822247
2304.974450, 99.935129
2305.938874, 100.435422
2306.903299, 100.193468
2307.867723, 99.920745
2308.832148, 99.802630
2309.796572, 99.672455
2310.760997, 100.091770
2311.725421, 99.878696
2312.689845, 100.173169
2313.654270, 99.561060
2314.618694, 100.021292
2315.583119, 99.589240
2316.547543, 100.014306
2317.511968, 99.851870
2318.476392, 100.167213
2319.440817, 99.692262
2320.405241, 100.297635
2321.369666, 100.038302
2322.334090, 100.196286
2323.298515, 99.608831
2324.262939, 99.921169
2325.227363, 99.932482
2326.191788, 100.192361
2327.156212, 99.993714
2328.120637, 100.251637
2329.085061, 100.250964
2330.049486, 100.211912
2331.013910, 99.731325
2331.978335, 99.602144
2332.942759, 99.755268
2333.907184, 100.017715
2334.871608, 99.967648
2335.836032, 99.993238
2336.800457, 99.957100
2337.764881, 100.126360
2338.729306, 100.117684
2339.693730, 100.037616
2340.658155, 99.738990
2341.622579, 99.867366
2342.587004, 100.068732
2343.551428, 99.796566
2344.515853, 99.400998
2345.480277, 99.576500
2346.444701, 99.478543
2347.409126, 99.474860
2348.373550, 99.791266
2349.337975, 100.544288
2350.302399, 100.715508
2351.266824, 100.465095
2352.231248, 100.405063
2353.195673, 100.362280
2354.160097, 100.027539
2355.124522, 99.833799
2356.088946, 99.976381
2357.053370, 99.955887
2358.017795, 100.015468
2358.982219, 100.098648
2359.946644, 100.073292
2360.911068, 100.222547
2361.875493, 100.085526
2362.839917, 99.843735
2363.804342, 99.830804
2364.768766, 99.874448
2365.733191, 99.799425
2366.697615, 99.771507
2367.662039, 99.974696
2368.626464, 99.675539
2369.590888, 99.530785
2370.555313, 99.473029
2371.519737, 99.085617
2372.484162, 99.169010
2373.448586, 99.251478
2374.413011, 99.370006
2375.377435, 99.787028
2376.341860, 99.870740
2377.306284, 99.642861
2378.270708, 99.563149
2379.235133, 99.466600
2380.199557, 99.634993
2381.163982, 99.906262
2382.128406, 100.027563
2383.092831, 100.027073
2384.057255, 100.090030
2385.021680, 100.177452
2385.986104, 100.157387
2386.950529, 99.920914
2387.914953, 99.949769
2388.879378, 100.019002
2389.843802, 99.994442
2390.808226, 99.991181
2391.772651, 100.050688
2392.737075, 100.027827
2393.701500, 100.219309
2394.665924, 100.221927
2395.630349, 99.887789
2396.594773, 99.888019
2397.559198, 100.049220
2398.523622, 100.022834
2399.488047, 99.898313
2400.452471, 99.982644
2401.416895, 99.935353
2402.381320, 99.791173
2403.345744, 99.920161
2404.310169, 100.010010
2405.274593, 99.995043
2406.239018, 99.731496
2407.203442, 99.563956
2408.167867, 99.780958
2409.132291, 100.014955
2410.096716, 99.906917
2411.061140, 99.697624
2412.025564, 99.872780
2412.989989, 99.941647
2413.954413, 99.987825
2414.918838, 100.178709
2415.883262, 100.409952
2416.847687, 100.511460
2417.812111, 100.309243
2418.776536, 99.962223
2419.740960, 99.830152
2420.705385, 99.991333
2421.669809, 100.176378
2422.634233, 100.128884
2423.598658, 100.256789
2424.563082, 100.175874
2425.527507, 100.004345
2426.491931, 100.095509
2427.456356, 99.857248
2428.420780, 99.591874
2429.385205, 99.553435
2430.349629, 99.842524
2431.314054, 100.182771
2432.278478, 100.114717
2433.242902, 99.646482
2434.207327, 99.593040
2435.171751, 99.648369
2436.136176, 99.599721
2437.100600, 99.994779
2438.065025, 100.295845
2439.029449, 100.170498
2439.993874, 100.051894
2440.958298, 100.125063
2441.922723, 100.094596
2442.887147, 100.008191
2443.851572, 99.893461
2444.815996, 99.756932
2445.780420, 99.965511
2446.744845, 99.994485
2447.709269, 99.811907
2448.673694, 99.840957
2449.638118, 99.938928
2450.602543, 99.958856
2451.566967, 99.963620
2452.531392, 100.025118
2453.495816, 99.796268
2454.460241, 99.836076
2455.424665, 99.772455
2456.389089, 99.516267
2457.353514, 99.727958
2458.317938, 99.879240
2459.282363, 99.968653
2460.246787, 100.034701
2461.211212, 99.733491
2462.175636, 99.615112
2463.140061, 99.669058
2464.104485, 99.436431
2465.068910, 99.426680
2466.033334, 99.734762
2466.997758, 99.740112
2467.962183, 99.519526
2468.926607, 99.561585
2469.891032, 99.819345
2470.855456, 99.730509
2471.819881, 99.505441
2472.784305, 99.691895
2473.748730, 99.692981
2474.713154, 99.624234
2475.677579, 99.921646
2476.642003, 100.172531
2477.606427, 100.161847
2478.570852, 99.862322
2479.535276, 99.841476
2480.499701, 99.819596
2481.464125, 99.716223
2482.428550, 99.956759
2483.392974, 100.093043
2484.357399, 99.976290
2485.321823, 99.782867
2486.286248, 99.719524
2487.250672, 99.778131
2488.215096, 99.723119
2489.179521, 99.794486
2490.143945, 99.809404
2491.108370, 99.833560
2492.072794, 99.888449
2493.037219, 100.067549
2494.001643, 100.073857
2494.966068, 99.938929
2495.930492, 99.861337
2496.894917, 99.650137
2497.859341, 99.661348
2498.823765, 99.691494
2499.788190, 99.622226
2500.752614, 99.576981
2501.717039, 99.525199
2502.681463, 99.668851
2503.645888, 99.933842
2504.610312, 100.110701
2505.574737, 100.209600
2506.539161, 99.993129
2507.503586, 99.890155
2508.468010, 99.956601
2509.432435, 99.800107
2510.396859, 99.679992
2511.361283, 99.642749
2512.325708, 100.025671
2513.290132, 100.370632
2514.254557, 100.372130
2515.218981, 100.261474
2516.183406, 100.353614
2517.147830, 100.289942
2518.112255, 100.184417
2519.076679, 100.283959
2520.041104, 100.237652
2521.005528, 100.171356
2521.969952, 100.218311
2522.934377, 100.183971
2523.898801, 100.086269
2524.863226, 100.119565
2525.827650, 99.884440
2526.792075, 99.616400
2527.756499, 99.677959
2528.720924, 99.860677
2529.685348, 100.092237
2530.649773, 100.317913
2531.614197, 100.349859
2532.578621, 100.067618
2533.543046, 99.739609
2534.507470, 99.754816
2535.471895, 99.949085
2536.436319, 99.797681
2537.400744, 99.757933
2538.365168, 99.892227
2539.329593, 99.962037
2540.294017, 100.182382
2541.258442, 100.225237
2542.222866, 100.063219
2543.187290, 99.879153
2544.151715, 99.939115
2545.116139, 99.972667
2546.080564, 99.825944
2547.044988, 99.612544
2548.009413, 99.572593
2548.973837, 99.690041
2549.938262, 99.974534
2550.902686, 99.893490
2551.867111, 99.648668
2552.831535, 99.701592
2553.795959, 99.673770
2554.760384, 99.832796
2555.724808, 99.892905
2556.689233, 99.923997
2557.653657, 99.896136
2558.618082, 99.870771
2559.582506, 100.006897
2560.546931, 99.984424
2561.511355, 99.874252
2562.475780, 99.829149
2563.440204, 99.795824
2564.404629, 99.912972
2565.369053, 100.024141
2566.333477, 100.080181
2567.297902, 100.220245
2568.262326, 100.091070
2569.226751, 100.096647
2570.191175, 100.382856
2571.155600, 100.224635
2572.120024, 100.169307
2573.084449, 100.228592
2574.048873, 100.148177
2575.013298, 100.050200
2575.977722, 100.268819
2576.942146, 100.317273
2577.906571, 100.297169
2578.870995, 100.258686
2579.835420, 100.248211
2580.799844, 100.199300
2581.764269, 100.174963
2582.728693, 100.162534
2583.693118, 100.180549
2584.657542, 100.072382
2585.621967, 99.888686
2586.586391, 100.007789
2587.550815, 99.928055
2588.515240, 99.916885
2589.479664, 100.023156
2590.444089, 99.954416
2591.408513, 99.839670
2592.372938, 99.876616
2593.337362, 99.997001
2594.301787, 100.248421
2595.266211, 100.261148
2596.230636, 100.272196
2597.195060, 100.269925
2598.159484, 100.033445
2599.123909, 99.991533
2600.088333, 100.023983
2601.052758, 100.160786
2602.017182, 100.152303
2602.981607, 99.907686
2603.946031, 99.989187
2604.910456, 100.014175
2605.874880, 100.072137
2606.839305, 100.128569
2607.803729, 100.045967
2608.768153, 99.880062
2609.732578, 99.879458
2610.697002, 99.912746
2611.661427, 99.986009
2612.625851, 100.256327
2613.590276, 100.464758
2614.554700, 100.259033
2615.519125, 100.186891
2616.483549, 100.321251
2617.447974, 100.191780
2618.412398, 99.945383
2619.376822, 99.913949
2620.341247, 100.066491
2621.305671, 99.983406
2622.270096, 99.895034
2623.234520, 99.870554
2624.198945, 99.907432
2625.163369, 100.175659
2626.127794, 100.249178
2627.092218, 100.296984
2628.056643, 100.271337
2629.021067, 100.258444
2629.985492, 100.191437
2630.949916, 100.371561
2631.914340, 100.484423
2632.878765, 100.396787
2633.843189, 100.434954
2634.807614, 100.468206
2635.772038, 100.372210
2636.736463, 100.284381
2637.700887, 100.327257
2638.665312, 100.361835
2639.629736, 100.262715
2640.594161, 100.259741
2641.558585, 100.310379
2642.523009, 100.188383
2643.487434, 100.038823
2644.451858, 100.054947
2645.416283, 100.008258
2646.380707, 100.100514
2647.345132, 100.121339
2648.309556, 100.175029
2649.273981, 100.260335
2650.238405, 100.334156
2651.202830, 100.248569
2652.167254, 99.938821
2653.131678, 99.797768
2654.096103, 99.971407
2655.060527, 100.189729
2656.024952, 100.196986
2656.989376, 100.094674
2657.953801, 100.178742
2658.918225, 100.345671
2659.882650, 100.413499
2660.847074, 100.423000
2661.811499, 100.369241
2662.775923, 100.342457
2663.740347, 100.267890
2664.704772, 100.313060
2665.669196, 100.402441
2666.633621, 100.291297
2667.598045, 100.114121
2668.562470, 100.135324
2669.526894, 100.373664
2670.491319, 100.380430
2671.455743, 100.300990
2672.420168, 100.278983
2673.384592, 100.113480
2674.349016, 100.037276
2675.313441, 100.111708
2676.277865, 100.147162
2677.242290, 100.227831
2678.206714, 100.300866
2679.171139, 100.356597
2680.135563, 100.358333
2681.099988, 100.271342
2682.064412, 100.304189
2683.028837, 100.338838
2683.993261, 100.200917
2684.957686, 100.250022
2685.922110, 100.348229
2686.886534, 100.419867
2687.850959, 100.595134
2688.815383, 100.493001
2689.779808, 100.316858
2690.744232, 100.257749
2691.708657, 100.258622
2692.673081, 100.346220
2693.637506, 100.366869
2694.601930, 100.446701
2695.566355, 100.544326
2696.530779, 100.654635
2697.495203, 100.550074
2698.459628, 100.348745
2699.424052, 100.322073
2700.388477, 100.370456
2701.352901, 100.473284
2702.317326, 100.509748
2703.281750, 100.267162
2704.246175, 100.136851
2705.210599, 100.206622
2706.175024, 100.197788
2707.139448, 100.158130
2708.103872, 100.199718
2709.068297, 100.191966
2710.032721, 100.020572
2710.997146, 99.892557
2711.961570, 99.934939
2712.925995, 100.041661
2713.890419, 100.186560
2714.854844, 100.173737
2715.819268, 100.097182
2716.783693, 100.035187
2717.748117, 100.038514
2718.712541, 100.062120
2719.676966, 100.026631
2720.641390, 99.987773
2721.605815, 99.935909
2722.570239, 99.796612
2723.534664, 99.820122
2724.499088, 99.894771
2725.463513, 99.956448
2726.427937, 99.988116
2727.392362, 100.125403
2728.356786, 100.216266
2729.321210, 100.167482
2730.285635, 100.176659
2731.250059, 100.289261
2732.214484, 100.388311
2733.178908, 100.457892
2734.143333, 100.346616
2735.107757, 100.265384
2736.072182, 100.186199
2737.036606, 100.225868
2738.001031, 100.292290
2738.965455, 100.373265
2739.929879, 100.363124
2740.894304, 100.258263
2741.858728, 100.071848
2742.823153, 100.127606
2743.787577, 100.369939
2744.752002, 100.344268
2745.716426, 100.267874
2746.680851, 100.269432
2747.645275, 100.285319
2748.609700, 100.403029
2749.574124, 100.461602
2750.538549, 100.246503
2751.502973, 100.081898
2752.467397, 100.206475
2753.431822, 100.265766
2754.396246, 100.425816
2755.360671, 100.534519
2756.325095, 100.391606
2757.289520, 100.353543
2758.253944, 100.277215
2759.218369, 100.175106
2760.182793, 100.160563
2761.147218, 100.155651
2762.111642, 100.107713
2763.076066, 100.007562
2764.040491, 99.996059
2765.004915, 100.002623
2765.969340, 99.986447
2766.933764, 100.041403
2767.898189, 99.999993
2768.862613, 99.986848
2769.827038, 99.810816
2770.791462, 99.592871
2771.755887, 99.507107
2772.720311, 99.373835
2773.684735, 99.113493
2774.649160, 98.981581
2775.613584, 98.941420
2776.578009, 98.802393
2777.542433, 98.486750
2778.506858, 98.091400
2779.471282, 97.818476
2780.435707, 97.987788
2781.400131, 98.349889
2782.364556, 98.640498
2783.328980, 98.813429
2784.293404, 98.770050
2785.257829, 98.710006
2786.222253, 98.678384
2787.186678, 98.469265
2788.151102, 98.369751
2789.115527, 98.292150
2790.079951, 98.307906
2791.044376, 98.512112
2792.008800, 98.381655
2792.973225, 98.052908
2793.937649, 97.852548
2794.902073, 97.813129
2795.866498, 97.689673
2796.830922, 97.411273
2797.795347, 97.236774
2798.759771, 97.450648
2799.724196, 97.725474
2800.688620, 97.969522
2801.653045, 98.262462
2802.617469, 98.542833
2803.581894, 98.841074
2804.546318, 98.978752
2805.510743, 98.916046
2806.475167, 98.924419
2807.439591, 98.991068
2808.404016, 98.890952
2809.368440, 98.764169
2810.332865, 98.767463
2811.297289, 98.883718
2812.261714, 98.825182
2813.226138, 98.679923
2814.190563, 98.650229
2815.154987, 98.652976
2816.119412, 98.561985
2817.083836, 98.541573
2818.048260, 98.422205
2819.012685, 98.118659
2819.977109, 97.849745
2820.941534, 97.640126
2821.905958, 97.400266
2822.870383, 97.030428
2823.834807, 96.712875
2824.799232, 96.350525
2825.763656, 95.939379
2826.728081, 95.510491
2827.692505, 95.297879
2828.656929, 95.481468
2829.621354, 95.798304
2830.585778, 96.183714
2831.550203, 96.627652
2832.514627, 96.913966
2833.479052, 97.188348
2834.443476, 97.325530
2835.407901, 97.438715
2836.372325, 97.474258
2837.336750, 97.246677
2838.301174, 97.185051
2839.265598, 96.990112
2840.230023, 96.719208
2841.194447, 96.616928
2842.158872, 96.280755
2843.123296, 95.786806
2844.087721, 95.169433
2845.052145, 94.470028
2846.016570, 93.733289
2846.980994, 92.976276
2847.945419, 92.144739
2848.909843, 91.383756
2849.874267, 90.880200
2850.838692, 90.613288
2851.803116, 90.599282
2852.767541, 90.675299
2853.731965, 90.763906
2854.696390, 90.871484
2855.660814, 91.017064
2856.625239, 91.407320
2857.589663, 91.846169
2858.554088, 92.129203
2859.518512, 92.240162
2860.482936, 92.312380
2861.447361, 92.434454
2862.411785, 92.437245
2863.376210, 92.701531
2864.340634, 93.100046
2865.305059, 93.229555
2866.269483, 93.541271
2867.233908, 93.806184
2868.198332, 93.933559
2869.162757, 94.052220
2870.127181, 94.006618
2871.091606, 93.980774
2872.056030, 94.002613
2873.020454, 94.045301
2873.984879, 94.149173
2874.949303, 94.337176
2875.913728, 94.466460
2876.878152, 94.768704
2877.842577, 95.017135
2878.807001, 94.983418
2879.771426, 94.896681
2880.735850, 95.036861
2881.700275, 95.112217
2882.664699, 95.105528
2883.629123, 94.984621
2884.593548, 94.997210
2885.557972, 95.082756
2886.522397, 94.765231
2887.486821, 94.535585
2888.451246, 94.590320
2889.415670, 94.500271
2890.380095, 94.220081
2891.344519, 94.091347
2892.308944, 94.025759
2893.273368, 93.920156
2894.237792, 93.842602
2895.202217, 93.757210
2896.166641, 93.694570
2897.131066, 93.566130
2898.095490, 93.383614
2899.059915, 93.205522
2900.024339, 93.236277
2900.988764, 93.124398
2901.953188, 92.950778
2902.917613, 92.829409
2903.882037, 92.752493
2904.846461, 92.683042
2905.810886, 92.520804
2906.775310, 92.305013
2907.739735, 92.078429
2908.704159, 91.692760
2909.668584, 91.329246
2910.633008, 91.024001
2911.597433, 90.747621
2912.561857, 90.187959
2913.526282, 89.504327
2914.490706, 89.095042
2915.455130, 88.488157
2916.419555, 87.776141
2917.383979, 87.282994
2918.348404, 86.768695
2919.312828, 86.390928
2920.277253, 86.277310
2921.241677, 86.288400
2922.206102, 86.324731
2923.170526, 86.192799
2924.134951, 86.035185
2925.099375, 86.284079
2926.063800, 86.653227
2927.028224, 86.868776
2927.992648, 87.447096
2928.957073, 87.937848
2929.921497, 88.373223
2930.885922, 88.772456
2931.850346, 89.250292
2932.814771, 89.892843
2933.779195, 90.345498
2934.743620, 90.686004
2935.708044, 91.047708
2936.672469, 91.526288
2937.636893, 91.915909
2938.601317, 92.130760
2939.565742, 92.402995
2940.530166, 92.561427
2941.494591, 92.621352
2942.459015, 92.706520
2943.423440, 92.731738
2944.387864, 92.634757
2945.352289, 92.724469
2946.316713, 92.951906
2947.281138, 92.905877
2948.245562, 92.758117
2949.209986, 92.740805
2950.174411, 92.814798
2951.138835, 92.850820
2952.103260, 92.935108
2953.067684, 93.075655
2954.032109, 93.015848
2954.996533, 92.775194
2955.960958, 92.682672
2956.925382, 92.538495
2957.889807, 92.332377
2958.854231, 92.237982
2959.818655, 92.217054
2960.783080, 92.102717
2961.747504, 92.265090
2962.711929, 92.573697
2963.676353, 92.811152
2964.640778, 93.224765
2965.605202, 93.580239
2966.569627, 93.866022
2967.534051, 94.477420
2968.498476, 95.062071
2969.462900, 95.298996
2970.427324, 95.703786
2971.391749, 96.242057
2972.356173, 96.504222
2973.320598, 96.419839
2974.285022, 96.233581
2975.249447, 96.094136
2976.213871, 95.909233
2977.178296, 95.965482
2978.142720, 96.353982
2979.107145, 96.479957
2980.071569, 96.571085
2981.035993, 97.153735
2982.000418, 97.890661
2982.964842, 98.299813
2983.929267, 98.457920
2984.893691, 98.636610
2985.858116, 98.908706
2986.822540, 99.181132
2987.786965, 99.278852
2988.751389, 99.398759
2989.715814, 99.357869
2990.680238, 99.376401
2991.644663, 99.614728
2992.609087, 99.489030
2993.573511, 99.344469
2994.537936, 99.489755
2995.502360, 99.718045
2996.466785, 99.692476
2997.431209, 99.564685
2998.395634, 99.609301
2999.360058, 99.553313
3000.324483, 99.519264
3001.288907, 99.524312
3002.253332, 99.656677
3003.217756, 99.485740
3004.182180, 99.442044
3005.146605, 99.662509
3006.111029, 99.553258
3007.075454, 99.289313
3008.039878, 99.400062
3009.004303, 99.582433
3009.968727, 99.500286
3010.933152, 99.377551
3011.897576, 99.429872
3012.862001, 99.446382
3013.826425, 99.552546
3014.790849, 99.439684
3015.755274, 99.439300
3016.719698, 99.611657
3017.684123, 99.750243
3018.648547, 99.715933
3019.612972, 99.738989
3020.577396, 99.987793
3021.541821, 100.237407
3022.506245, 100.115271
3023.470670, 100.098695
3024.435094, 100.084526
3025.399518, 99.883756
3026.363943, 99.861627
3027.328367, 100.034185
3028.292792, 100.211992
3029.257216, 100.208461
3030.221641, 100.154212
3031.186065, 100.081040
3032.150490, 99.983970
3033.114914, 100.061448
3034.079339, 100.292244
3035.043763, 100.342929
3036.008187, 100.213387
3036.972612, 99.939962
3037.937036, 100.014850
3038.901461, 100.263105
3039.865885, 100.137496
3040.830310, 100.150263
3041.794734, 100.125416
3042.759159, 100.096944
3043.723583, 100.169334
3044.688008, 100.011368
3045.652432, 99.937256
3046.616857, 100.105907
3047.581281, 100.066512
3048.545705, 100.018893
3049.510130, 100.076563
3050.474554, 100.173610
3051.438979, 100.169199
3052.403403, 100.048863
3053.367828, 99.824105
3054.332252, 99.922926
3055.296677, 100.031401
3056.261101, 99.905476
3057.225526, 99.894652
3058.189950, 100.001691
3059.154374, 100.032401
3060.118799, 99.823109
3061.083223, 99.807115
3062.047648, 99.941486
3063.012072, 100.137782
3063.976497, 100.140477
3064.940921, 100.034476
3065.905346, 100.218854
3066.869770, 100.246151
3067.834195, 100.222162
3068.798619, 100.364228
3069.763043, 100.370213
3070.727468, 100.421899
3071.691892, 100.390341
3072.656317, 100.150662
3073.620741, 100.158951
3074.585166, 100.193914
3075.549590, 100.196802
3076.514015, 100.215646
3077.478439, 100.240694
3078.442864, 100.450669
3079.407288, 100.394622
3080.371712, 100.130069
3081.336137, 100.196352
3082.300561, 100.230611
3083.264986, 100.224088
3084.229410, 100.469744
3085.193835, 100.261328
3086.158259, 100.081493
3087.122684, 100.462703
3088.087108, 100.497810
3089.051533, 100.436760
3090.015957, 100.502674
3090.980381, 100.531856
3091.944806, 100.474416
3092.909230, 100.455804
3093.873655, 100.390606
3094.838079, 100.413050
3095.802504, 100.509879
3096.766928, 100.434500
3097.731353, 100.468133
3098.695777, 100.588556
3099.660202, 100.349286
3100.624626, 100.209428
3101.589050, 100.167175
3102.553475, 100.295631
3103.517899, 100.384547
3104.482324, 100.279357
3105.446748, 100.215434
3106.411173, 100.354735
3107.375597, 100.375650
3108.340022, 100.278254
3109.304446, 100.353464
3110.268871, 100.518663
3111.233295, 100.371176
3112.197720, 100.321953
3113.162144, 100.300310
3114.126568, 100.397597
3115.090993, 100.399866
3116.055417, 100.361872
3117.019842, 100.533431
3117.984266, 100.632341
3118.948691, 100.347471
3119.913115, 100.156250
3120.877540, 100.362995
3121.841964, 100.431013
3122.806389, 100.426636
3123.770813, 100.527873
3124.735237, 100.633540
3125.699662, 100.771530
3126.664086, 100.734318
3127.628511, 100.571594
3128.592935, 100.431325
3129.557360, 100.404780
3130.521784, 100.296538
3131.486209, 100.309924
3132.450633, 100.440621
3133.415058, 100.307799
3134.379482, 100.429813
3135.343906, 100.537705
3136.308331, 100.372428
3137.272755, 100.354404
3138.237180, 100.440429
3139.201604, 100.440587
3140.166029, 100.390496
3141.130453, 100.252575
3142.094878, 100.149785
3143.059302, 100.344768
3144.023727, 100.427526
3144.988151, 100.417408
3145.952575, 100.529155
3146.917000, 100.525822
3147.881424, 100.502011
3148.845849, 100.326559
3149.810273, 100.093267
3150.774698, 100.206784
3151.739122, 100.555747
3152.703547, 100.648407
3153.667971, 100.615518
3154.632396, 100.408643
3155.596820, 100.303172
3156.561244, 100.140631
3157.525669, 100.125769
3158.490093, 100.254217
3159.454518, 100.437662
3160.418942, 100.542799
3161.383367, 100.214148
3162.347791, 99.884769
3163.312216, 100.118501
3164.276640, 100.434052
3165.241065, 100.293503
3166.205489, 100.372175
3167.169914, 100.491113
3168.134338, 100.256283
3169.098762, 100.082950
3170.063187, 100.078025
3171.027611, 100.194378
3171.992036, 100.331029
3172.956460, 100.277104
3173.920885, 100.372318
3174.885309, 100.246391
3175.849734, 100.043626
3176.814158, 100.055447
3177.778583, 100.196831
3178.743007, 100.307906
3179.707431, 100.373429
3180.671856, 100.433596
3181.636280, 100.395342
3182.600705, 100.411763
3183.565129, 100.541821
3184.529554, 100.494204
3185.493978, 100.227459
3186.458403, 100.124608
3187.422827, 100.146874
3188.387252, 100.105402
3189.351676, 100.301483
3190.316100, 100.275080
3191.280525, 100.106861
3192.244949, 100.250550
3193.209374, 100.567344
3194.173798, 100.660463
3195.138223, 100.592493
3196.102647, 100.346872
3197.067072, 100.234456
3198.031496, 100.196380
3198.995921, 100.244473
3199.960345, 100.303362
3200.924769, 100.192093
3201.889194, 100.034523
3202.853618, 99.996226
3203.818043, 100.066825
3204.782467, 99.921520
3205.746892, 100.012643
3206.711316, 100.312951
3207.675741, 100.229046
3208.640165, 100.002669
3209.604590, 99.988932
3210.569014, 100.164329
3211.533438, 100.314074
3212.497863, 100.307003
3213.462287, 100.100903
3214.426712, 100.115548
3215.391136, 100.241062
3216.355561, 100.091227
3217.319985, 99.965566
3218.284410, 100.089105
3219.248834, 100.163511
3220.213259, 100.148503
3221.177683, 100.127917
3222.142107, 100.359638
3223.106532, 100.488018
3224.070956, 100.272255
3225.035381, 100.007547
3225.999805, 100.050970
3226.964230, 100.212033
3227.928654, 100.545406
3228.893079, 100.176177
3229.857503, 99.783888
3230.821928, 100.030210
3231.786352, 100.193819
3232.750777, 100.375514
3233.715201, 100.325544
3234.679625, 100.198978
3235.644050, 100.279673
3236.608474, 100.378285
3237.572899, 100.234130
3238.537323, 100.072530
3239.501748, 100.121767
3240.466172, 100.041929
3241.430597, 99.925947
3242.395021, 100.100519
3243.359446, 100.199874
3244.323870, 100.271919
3245.288294, 100.213031
3246.252719, 99.989815
3247.217143, 100.187811
3248.181568, 100.460735
3249.145992, 100.208392
3250.110417, 100.053978
3251.074841, 100.075152
3252.039266, 100.089379
3253.003690, 100.127803
3253.968115, 100.125817
3254.932539, 99.945733
3255.896963, 100.211018
3256.861388, 100.325685
3257.825812, 100.268638
3258.790237, 100.358162
3259.754661, 100.339089
3260.719086, 100.490274
3261.683510, 100.342176
3262.647935, 100.180639
3263.612359, 100.368297
3264.576784, 100.559381
3265.541208, 100.490090
3266.505632, 100.557038
3267.470057, 100.374784
3268.434481, 100.166518
3269.398906, 100.204126
3270.363330, 100.347199
3271.327755, 100.108196
3272.292179, 100.072877
3273.256604, 100.101882
3274.221028, 100.037908
3275.185453, 100.237599
3276.149877, 100.408143
3277.114301, 100.392401
3278.078726, 100.421976
3279.043150, 100.244890
3280.007575, 100.128985
3280.971999, 100.062520
3281.936424, 100.187319
3282.900848, 100.202677
3283.865273, 99.881133
3284.829697, 99.797561
3285.794122, 100.092543
3286.758546, 100.135710
3287.722971, 100.152143
3288.687395, 100.260593
3289.651819, 100.380094
3290.616244, 100.337249
3291.580668, 100.258760
3292.545093, 100.090799
3293.509517, 100.116331
3294.473942, 100.161033
3295.438366, 100.223517
3296.402791, 100.408220
3297.367215, 100.187648
3298.331640, 100.066187
3299.296064, 100.085098
3300.260488, 99.920455
3301.224913, 99.863184
3302.189337, 100.075616
3303.153762, 100.266298
3304.118186, 100.325584
3305.082611, 100.249659
3306.047035, 100.370459
3307.011460, 100.323313
3307.975884, 100.192244
3308.940309, 100.007464
3309.904733, 99.983381
3310.869157, 99.803540
3311.833582, 99.851180
3312.798006, 100.054186
3313.762431, 100.236161
3314.726855, 100.174287
3315.691280, 100.052972
3316.655704, 99.972123
3317.620129, 100.158333
3318.584553, 100.172450
3319.548978, 100.096458
3320.513402, 100.035835
3321.477826, 99.866394
3322.442251, 100.056745
3323.406675, 100.187745
3324.371100, 99.857890
3325.335524, 99.604487
3326.299949, 99.917194
3327.264373, 100.013827
3328.228798, 100.239970
3329.193222, 100.577253
3330.157647, 100.426679
3331.122071, 100.321288
3332.086495, 100.144727
3333.050920, 99.898981
3334.015344, 99.989498
3334.979769, 100.297246
3335.944193, 100.410730
3336.908618, 99.946117
3337.873042, 100.054217
3338.837467, 100.190733
3339.801891, 99.886010
3340.766316, 99.975409
3341.730740, 100.366576
3342.695164, 100.445442
3343.659589, 100.193321
3344.624013, 99.911019
3345.588438, 99.996849
3346.552862, 100.120156
3347.517287, 100.086277
3348.481711, 100.000037
3349.446136, 100.074674
3350.410560, 100.001581
3351.374985, 99.869759
3352.339409, 100.062539
3353.303834, 100.207607
3354.268258, 100.079835
3355.232682, 99.862804
3356.197107, 99.774103
3357.161531, 99.601428
3358.125956, 99.831858
3359.090380, 100.078973
3360.054805, 100.075409
3361.019229, 100.284617
3361.983654, 100.264345
3362.948078, 100.283211
3363.912503, 100.277879
3364.876927, 100.151880
3365.841351, 99.918789
3366.805776, 99.837241
3367.770200, 99.897835
3368.734625, 100.071012
3369.699049, 100.205501
3370.663474, 100.249065
3371.627898, 100.333094
3372.592323, 100.099553
3373.556747, 100.073503
3374.521172, 100.285082
3375.485596, 100.152547
3376.450020, 100.117735
3377.414445, 100.222909
3378.378869, 100.287855
3379.343294, 100.279707
3380.307718, 100.173979
3381.272143, 100.261656
3382.236567, 100.419727
3383.200992, 100.353357
3384.165416, 100.308391
3385.129841, 100.189586
3386.094265, 100.039019
3387.058689, 99.967605
3388.023114, 100.125212
3388.987538, 100.150210
3389.951963, 100.153123
3390.916387, 100.280906
3391.880812, 100.389113
3392.845236, 100.002032
3393.809661, 99.620288
3394.774085, 99.730938
3395.738510, 99.976096
3396.702934, 99.886492
3397.667358, 99.877527
3398.631783, 100.186884
3399.596207, 100.149040
3400.560632, 100.026736
3401.525056, 99.675854
3402.489481, 99.689047
3403.453905, 100.030667
3404.418330, 99.998872
3405.382754, 99.884644
3406.347179, 99.899724
3407.311603, 99.929852
3408.276028, 100.041724
3409.240452, 100.142779
3410.204876, 100.111725
3411.169301, 100.151197
3412.133725, 100.247438
3413.098150, 100.238890
3414.062574, 100.240562
3415.026999, 100.265721
3415.991423, 100.107670
3416.955848, 100.016507
3417.920272, 100.010147
3418.884697, 100.105146
3419.849121, 100.054704
3420.813545, 99.809896
3421.777970, 99.671060
3422.742394, 99.714911
3423.706819, 100.135417
3424.671243, 100.480937
3425.635668, 100.500422
3426.600092, 100.488654
3427.564517, 100.381000
3428.528941, 100.200257
3429.493366, 100.316803
3430.457790, 100.491690
3431.422214, 100.483345
3432.386639, 100.342149
3433.351063, 100.227299
3434.315488, 100.323045
3435.279912, 100.496591
3436.244337, 100.376197
3437.208761, 100.182675
3438.173186, 100.151905
3439.137610, 100.013227
3440.102035, 99.740015
3441.066459, 99.668895
3442.030883, 99.824752
3442.995308, 99.968761
3443.959732, 99.957824
3444.924157, 99.908031
3445.888581, 99.977542
3446.853006, 99.764793
3447.817430, 99.448562
3448.781855, 99.926012
3449.746279, 100.258304
3450.710704, 100.375185
3451.675128, 100.107115
3452.639552, 99.946893
3453.603977, 100.031357
3454.568401, 100.272419
3455.532826, 100.109571
3456.497250, 99.833287
3457.461675, 100.147497
3458.426099, 100.329280
3459.390524, 100.098238
3460.354948, 100.050852
3461.319373, 99.994333
3462.283797, 99.809520
3463.248221, 99.765178
3464.212646, 100.065889
3465.177070, 100.162425
3466.141495, 100.034582
3467.105919, 99.832363
3468.070344, 99.901126
3469.034768, 99.896243
3469.999193, 100.069745
3470.963617, 100.203377
3471.928042, 100.106772
3472.892466, 100.224172
3473.856891, 100.365448
3474.821315, 100.102812
3475.785739, 99.950246
3476.750164, 100.044096
3477.714588, 99.852953
3478.679013, 99.808681
3479.643437, 100.076880
3480.607862, 100.274781
3481.572286, 100.102857
3482.536711, 99.589765
3483.501135, 99.751007
3484.465560, 100.161720
3485.429984, 100.029299
3486.394408, 99.958812
3487.358833, 99.953378
3488.323257, 99.855480
3489.287682, 100.053471
3490.252106, 100.059415
3491.216531, 99.916693
3492.180955, 99.718816
3493.145380, 99.711651
3494.109804, 99.942067
3495.074229, 100.140492
3496.038653, 100.436712
3497.003077, 100.462767
3497.967502, 100.169104
3498.931926, 100.169240
3499.896351, 100.113176
3500.860775, 99.923502
3501.825200, 99.687772
3502.789624, 99.653246
3503.754049, 99.490959
3504.718473, 99.278491
3505.682898, 99.665570
3506.647322, 100.037594
3507.611746, 100.050348
3508.576171, 99.987981
3509.540595, 99.663506
3510.505020, 99.995748
3511.469444, 100.125168
3512.433869, 99.866630
3513.398293, 100.000999
3514.362718, 100.094712
3515.327142, 99.858944
3516.291567, 99.796234
3517.255991, 99.984264
3518.220415, 99.823370
3519.184840, 99.645818
3520.149264, 99.960298
3521.113689, 100.476400
3522.078113, 100.480661
3523.042538, 99.926854
3524.006962, 99.526242
3524.971387, 99.797977
3525.935811, 100.248915
3526.900236, 100.238816
3527.864660, 99.878440
3528.829085, 99.854112
3529.793509, 100.034465
3530.757933, 100.050559
3531.722358, 99.882048
3532.686782, 100.094299
3533.651207, 100.210701
3534.615631, 100.400564
3535.580056, 100.133197
3536.544480, 99.409164
3537.508905, 99.506433
3538.473329, 99.917815
3539.437754, 99.843832
3540.402178, 99.887204
3541.366602, 99.938673
3542.331027, 100.335436
3543.295451, 100.219153
3544.259876, 100.434284
3545.224300, 99.946350
3546.188725, 99.714749
3547.153149, 99.618846
3548.117574, 99.437948
3549.081998, 99.616130
3550.046423, 99.825132
3551.010847, 100.190891
3551.975271, 99.778777
3552.939696, 99.305430
3553.904120, 99.390549
3554.868545, 99.550850
3555.832969, 100.183610
3556.797394, 100.074796
3557.761818, 99.664544
3558.726243, 99.863974
3559.690667, 100.235713
3560.655092, 99.873843
3561.619516, 99.888380
3562.583940, 99.946220
3563.548365, 99.912881
3564.512789, 100.338857
3565.477214, 101.308768
3566.441638, 100.353835
3567.406063, 100.072359
3568.370487, 98.879387
3569.334912, 99.094184
3570.299336, 100.040597
3571.263761, 99.814380
3572.228185, 99.946695
3573.192609, 100.196721
3574.157034, 100.149643
3575.121458, 99.759877
3576.085883, 99.931241
3577.050307, 99.810663
3578.014732, 99.640817
3578.979156, 100.078329
3579.943581, 99.750800
3580.908005, 99.412090
3581.872430, 100.007116
3582.836854, 100.309931
3583.801278, 100.004542
3584.765703, 100.400109
3585.730127, 101.684649
3586.694552, 100.750328
3587.658976, 100.356849
3588.623401, 99.978605
3589.587825, 99.136717
3590.552250, 100.074062
3591.516674, 100.317807
3592.481099, 100.814379
3593.445523, 100.151208
3594.409948, 100.662963
3595.374372, 99.920910
3596.338796, 99.299432
3597.303221, 100.083473
3598.267645, 100.129320
3599.232070, 99.944414
3600.196494, 100.032932
3601.160919, 99.358754
3602.125343, 99.781768
3603.089768, 99.935039
3604.054192, 99.883725
3605.018617, 100.077200
3605.983041, 100.717344
3606.947465, 99.990482
3607.911890, 100.061112
3608.876314, 100.392313
3609.840739, 98.487975
3610.805163, 100.108983
3611.769588, 101.738229
3612.734012, 100.184160
3613.698437, 99.603012
3614.662861, 99.526083
3615.627286, 99.192113
3616.591710, 100.990827
3617.556134, 100.745719
3618.520559, 100.080029
3619.484983, 99.713784
3620.449408, 98.624441
3621.413832, 99.223549
3622.378257, 99.633736
3623.342681, 100.299583
3624.307106, 100.037479
3625.271530, 100.104421
3626.235955, 100.110770
3627.200379, 101.790001
3628.164803, 103.028874
3629.129228, 99.783926
3630.093652, 97.339014
3631.058077, 98.735193
3632.022501, 100.087112
3632.986926, 100.858197
3633.951350, 99.495287
3634.915775, 98.889619
3635.880199, 99.558580
3636.844624, 99.962993
3637.809048, 99.891545
3638.773472, 99.567312
3639.737897, 99.715142
3640.702321, 100.176493
3641.666746, 99.905285
3642.631170, 99.230414
3643.595595, 99.333652
3644.560019, 100.135333
3645.524444, 101.126208
3646.488868, 101.762723
3647.453293, 99.767714
3648.417717, 101.036086
3649.382142, 101.695502
3650.346566, 100.585834
3651.310990, 98.384398
3652.275415, 98.241914
3653.239839, 99.520195
3654.204264, 100.031331
3655.168688, 102.113965
3656.133113, 101.222711
3657.097537, 98.320487
3658.061962, 99.658395
3659.026386, 100.333518
3659.990811, 100.091577
3660.955235, 99.894731
3661.919659, 99.566886
3662.884084, 99.469839
3663.848508, 99.380058
3664.812933, 99.693992
3665.777357, 99.874279
3666.741782, 100.141103
3667.706206, 101.223425
3668.670631, 101.120257
3669.635055, 101.731084
3670.599480, 100.924456
3671.563904, 98.202448
3672.528328, 99.882604
3673.492753, 101.647584
3674.457177, 103.516933
3675.421602, 100.298306
3676.386026, 97.394219
3677.350451, 98.867723
3678.314875, 100.280902
3679.279300, 99.586717
3680.243724, 99.083853
3681.208149, 99.849461
3682.172573, 99.890146
3683.136997, 99.553773
3684.101422, 99.948496
3685.065846, 99.987439
3686.030271, 100.343732
3686.994695, 102.107357
3687.959120, 102.671968
3688.923544, 98.461145
3689.887969, 100.127292
3690.852393, 100.492202
3691.816818, 98.520496
3692.781242, 99.460976
3693.745666, 99.904578
3694.710091, 99.959270
3695.674515, 100.083719
3696.638940, 99.828929
3697.603364, 99.669314
3698.567789, 99.862410
3699.532213, 100.113756
3700.496638, 101.121107
3701.461062, 100.612631
3702.425487, 98.327839
3703.389911, 98.971168
3704.354335, 99.889615
3705.318760, 99.939490
3706.283184, 99.832585
3707.247609, 100.332025
3708.212033, 101.525649
3709.176458, 100.889725
3710.140882, 99.323342
3711.105307, 101.947003
3712.069731, 101.131722
3713.034156, 98.397832
3713.998580, 99.828796
3714.963005, 99.806067
3715.927429, 99.866493
3716.891853, 100.307964
3717.856278, 100.474654
3718.820702, 100.084198
3719.785127, 99.717509
3720.749551, 100.540784
3721.713976, 100.985654
3722.678400, 99.881021
3723.642825, 100.034506
3724.607249, 100.222148
3725.571674, 100.199066
3726.536098, 100.149468
3727.500522, 99.564484
3728.464947, 99.889028
3729.429371, 100.239442
3730.393796, 100.851756
3731.358220, 102.034532
3732.322645, 100.194233
3733.287069, 100.185118
3734.251494, 102.142941
3735.215918, 100.166812
3736.180343, 99.877786
3737.144767, 99.319510
3738.109191, 99.628614
3739.073616, 99.649414
3740.038040, 100.443568
3741.002465, 99.930555
3741.966889, 99.937532
3742.931314, 102.789838
3743.895738, 105.098077
3744.860163, 96.082520
3745.824587, 97.083353
3746.789012, 99.723729
3747.753436, 100.911373
3748.717860, 102.488976
3749.682285, 98.904904
3750.646709, 99.424334
3751.611134, 101.512482
3752.575558, 97.047511
3753.539983, 97.826625
3754.504407, 99.448264
3755.468832, 100.280642
3756.433256, 99.867150
3757.397681, 99.341434
3758.362105, 100.156396
3759.326529, 100.321250
3760.290954, 98.452315
3761.255378, 99.076580
3762.219803, 99.371948
3763.184227, 99.311457
3764.148652, 99.979945
3765.113076, 100.746741
3766.077501, 99.293677
3767.041925, 99.268353
3768.006350, 99.937166
3768.970774, 100.950747
3769.935199, 99.496726
3770.899623, 98.751392
3771.864047, 99.400395
3772.828472, 99.493150
3773.792896, 99.495414
3774.757321, 99.423615
3775.721745, 99.139341
3776.686170, 99.471245
3777.650594, 100.462237
3778.615019, 101.126318
3779.579443, 99.188965
3780.543868, 98.377045
3781.508292, 99.719130
3782.472716, 99.744294
3783.437141, 100.050752
3784.401565, 99.981072
3785.365990, 99.236765
3786.330414, 99.438523
3787.294839, 99.596043
3788.259263, 99.477522
3789.223688, 99.483521
3790.188112, 99.308662
3791.152537, 99.296354
3792.116961, 99.254677
3793.081385, 99.339206
3794.045810, 99.575940
3795.010234, 100.381007
3795.974659, 100.984527
3796.939083, 99.468570
3797.903508, 99.433222
3798.867932, 100.107027
3799.832357, 101.728368
3800.796781, 102.311006
3801.761206, 98.754390
3802.725630, 98.380280
3803.690054, 98.957113
3804.654479, 99.385405
3805.618903, 101.153175
3806.583328, 101.252652
3807.547752, 97.850611
3808.512177, 99.070339
3809.476601, 99.824702
3810.441026, 99.783379
3811.405450, 99.648067
3812.369875, 99.627716
3813.334299, 99.767099
3814.298723, 100.669209
3815.263148, 102.480347
3816.227572, 99.131314
3817.191997, 97.762545
3818.156421, 99.492034
3819.120846, 100.367223
3820.085270, 101.681540
3821.049695, 99.600235
3822.014119, 97.246997
3822.978544, 98.652665
3823.942968, 99.757498
3824.907392, 100.037206
3825.871817, 100.579084
3826.836241, 99.613205
3827.800666, 99.192507
3828.765090, 99.699057
3829.729515, 100.189413
3830.693939, 101.142038
3831.658364, 99.655266
3832.622788, 98.738675
3833.587213, 100.871162
3834.551637, 101.054337
3835.516062, 99.157988
3836.480486, 100.941762
3837.444910, 101.693071
3838.409335, 97.987164
3839.373759, 99.725634
3840.338184, 100.110569
3841.302608, 98.839443
3842.267033, 99.645179
3843.231457, 100.443758
3844.195882, 98.749466
3845.160306, 99.030916
3846.124731, 99.311645
3847.089155, 99.483940
3848.053579, 99.710931
3849.018004, 99.813628
3849.982428, 99.763124
3850.946853, 101.684144
3851.911277, 102.265965
3852.875702, 102.855737
3853.840126, 103.082008
3854.804551, 95.923571
3855.768975, 99.038134
3856.733400, 100.176271
3857.697824, 99.451193
3858.662248, 99.371850
3859.626673, 99.639332
3860.591097, 100.306084
3861.555522, 100.156965
3862.519946, 99.296030
3863.484371, 100.497282
3864.448795, 101.090632
3865.413220, 98.473397
3866.377644, 98.544396
3867.342069, 100.049374
3868.306493, 101.600296
3869.270917, 101.770130
3870.235342, 98.117924
3871.199766, 98.311007
3872.164191, 99.845164
3873.128615, 101.267173
3874.093040, 99.680995
3875.057464, 98.595851
3876.021889, 99.580973
3876.986313, 99.599535
3877.950738, 99.659122
3878.915162, 100.914787
3879.879586, 101.687781
3880.844011, 99.259286
3881.808435, 99.464825
3882.772860, 100.041175
3883.737284, 99.982491
3884.701709, 101.511847
3885.666133, 100.132892
3886.630558, 97.913116
3887.594982, 99.795526
3888.559407, 100.220228
3889.523831, 100.994952
3890.488256, 101.823853
3891.452680, 99.770094
3892.417104, 98.939358
3893.381529, 99.948078
3894.345953, 99.855398
3895.310378, 99.809936
3896.274802, 99.874828
3897.239227, 100.341769
3898.203651, 101.222917
3899.168076, 100.189611
3900.132500, 99.479161
3901.096925, 101.360353
3902.061349, 99.552033
3903.025773, 99.945845
3903.990198, 100.545535
3904.954622, 99.420355
3905.919047, 99.402223
3906.883471, 99.265891
3907.847896, 99.644447
3908.812320, 99.331397
3909.776745, 99.518696
3910.741169, 99.345640
3911.705594, 99.569105
3912.670018, 99.641459
3913.634442, 99.878335
3914.598867, 99.983401
3915.563291, 100.361794
3916.527716, 100.333405
3917.492140, 99.576870
3918.456565, 99.999685
3919.420989, 100.635733
3920.385414, 99.663412
3921.349838, 99.601468
3922.314263, 99.964744
3923.278687, 100.031113
3924.243111, 100.077013
3925.207536, 99.674925
3926.171960, 99.608726
3927.136385, 99.950134
3928.100809, 100.076905
3929.065234, 100.022279
3930.029658, 99.891262
3930.994083, 100.416934
3931.958507, 100.434119
3932.922932, 99.535250
3933.887356, 99.682873
3934.851780, 99.955860
3935.816205, 100.091199
3936.780629, 99.834845
3937.745054, 99.698148
3938.709478, 99.578172
3939.673903, 99.607325
3940.638327, 99.932466
3941.602752, 100.409148
3942.567176, 99.715532
3943.531601, 99.108729
3944.496025, 99.837737
3945.460449, 100.082975
3946.424874, 100.353982
3947.389298, 100.005780
3948.353723, 99.728267
3949.318147, 99.943207
3950.282572, 99.282804
3951.246996, 99.450809
3952.211421, 99.822688
3953.175845, 99.984741
3954.140270, 100.272002
3955.104694, 99.913340
3956.069119, 99.724234
3957.033543, 99.993476
3957.997967, 99.968284
3958.962392, 99.901289
3959.926816, 100.009225
3960.891241, 100.329854
3961.855665, 99.911635
3962.820090, 99.484099
3963.784514, 99.914372
3964.748939, 99.927602
3965.713363, 99.817586
3966.677788, 99.824229
3967.642212, 100.030231
3968.606636, 99.983504
3969.571061, 99.843465
3970.535485, 99.911228
3971.499910, 99.867651
3972.464334, 100.095934
3973.428759, 100.285548
3974.393183, 99.917702
3975.357608, 99.655967
3976.322032, 99.540024
3977.286457, 99.927155
3978.250881, 100.114623
3979.215305, 100.258129
3980.179730, 100.381336
3981.144154, 100.359006
3982.108579, 100.393421
3983.073003, 100.235432
3984.037428, 100.126909
3985.001852, 100.099253
3985.966277, 100.066109
3986.930701, 99.834680
3987.895126, 100.017766
3988.859550, 100.357339
3989.823974, 100.292682
3990.788399, 99.967987
3991.752823, 100.049886
3992.717248, 100.197233
3993.681672, 100.280387
3994.646097, 100.115917
3995.610521, 99.910350
3996.574946, 99.890177
3997.539370, 99.853814
3998.503795, 100.081627
3999.468219, 99.987790
4000.432643, 99.793298
##END=$$ End of the data block
