##TITLE= RQQIVE
##JCAMP-DX= 4.24
##DATA TYPE= INFRARED SPECTRUM
##ORIGIN= JASCO
##OWNER= 
##DATE= 19/12/19
##TIME= 12:42:56
##SPECTROMETER/DATA SYSTEM= 
##RESOLUTION= 
##DELTAX=   0.48211674
##XUNITS= 1/CM
##YUNITS= TRANSMITTANCE
##XFACTOR= 1.00000
##YFACTOR= 0.0001
##FIRSTX=   649.8934
##LASTX=  4000.1226
##NPOINTS=     6950
##FIRSTY=      0.96339
##MAXY=      1.01485
##MINY=      0.67112
##XYDATA= (X++(Y..Y))
649.8934 9634 9738 9750 9673 9551 9441 9383 9376 9378 9332 9206 9005 8768 8549
656.6430 8394 8321 8318 8354 8400 8445 8495 8565 8666 8791 8913 8997 9013 8949
663.3926 8821 8668 8534 8452 8436 8488 8609 8811 9096 9389 9478 9292 9034 8844
670.1423 8745 8723 8762 8841 8927 8982 8984 8937 8873 8831 8837 8888 8963 9032
676.8919 9082 9121 9170 9244 9341 9442 9523 9572 9582 9554 9491 9404 9314 9246
683.6415 9221 9239 9276 9299 9284 9234 9178 9156 9192 9287 9420 9555 9661 9719
690.3912 9729 9706 9671 9645 9638 9652 9672 9684 9680 9658 9621 9576 9532 9500
697.1408 9487 9499 9540 9609 9699 9795 9880 9937 9956 9937 9886 9815 9735 9653
703.8904 9577 9515 9481 9484 9530 9609 9704 9791 9849 9869 9857 9828 9800 9783
710.6401 9774 9765 9748 9719 9684 9654 9639 9643 9660 9681 9690 9683 9656 9611
717.3897 9560 9515 9485 9474 9482 9503 9533 9565 9589 9594 9570 9511 9425 9329
724.1393 9242 9177 9130 9089 9042 8984 8929 8896 8902 8948 9027 9118 9196 9245
730.8890 9259 9250 9238 9245 9283 9354 9445 9544 9637 9720 9792 9848 9885 9898
737.6386 9889 9867 9845 9837 9851 9886 9931 9967 9978 9951 9890 9810 9737 9690
744.3882 9672 9673 9673 9658 9628 9602 9599 9628 9682 9735 9765 9759 9727 9683
751.1379 9641 9602 9554 9485 9392 9282 9170 9067 8975 8887 8789 8670 8522 8347
757.8875 8152 7954 7773 7630 7545 7528 7583 7705 7883 8099 8331 8555 8750 8903
764.6371 9012 9084 9134 9176 9219 9269 9327 9392 9456 9509 9538 9538 9514 9480
771.3868 9456 9453 9474 9508 9541 9561 9565 9558 9549 9545 9542 9528 9491 9425
778.1364 9343 9268 9223 9223 9263 9322 9375 9406 9413 9406 9400 9402 9417 9441
784.8860 9473 9510 9553 9604 9663 9730 9799 9858 9895 9896 9860 9800 9735 9686
791.6357 9667 9677 9707 9742 9770 9786 9792 9793 9794 9796 9795 9790 9778 9765
798.3853 9761 9771 9797 9827 9845 9836 9798 9741 9689 9662 9670 9706 9748 9769
805.1349 9753 9703 9639 9589 9572 9590 9623 9643 9630 9578 9505 9436 9393 9388
811.8846 9417 9467 9519 9557 9575 9572 9558 9543 9535 9533 9531 9520 9497 9465
818.6342 9432 9407 9390 9378 9358 9322 9266 9197 9124 9060 9012 8975 8939 8888
825.3839 8814 8718 8612 8510 8425 8358 8310 8279 8267 8277 8306 8345 8380 8402
832.1335 8408 8404 8396 8384 8362 8321 8257 8175 8085 8000 7929 7875 7838 7816
838.8831 7809 7811 7821 7833 7848 7865 7889 7921 7961 8007 8057 8108 8156 8197
845.6328 8226 8242 8246 8248 8260 8290 8339 8403 8472 8539 8600 8654 8706 8761
852.3824 8822 8894 8977 9068 9161 9250 9333 9412 9489 9561 9622 9665 9687 9692
859.1320 9689 9689 9698 9715 9740 9770 9806 9847 9888 9921 9934 9923 9890 9845
865.8817 9802 9773 9763 9771 9789 9810 9828 9837 9838 9831 9816 9796 9774 9753
872.6313 9732 9711 9691 9669 9647 9627 9610 9596 9583 9572 9567 9572 9590 9621
879.3809 9662 9708 9752 9790 9821 9846 9868 9891 9917 9945 9968 9976 9965 9935
886.1306 9898 9868 9856 9865 9889 9916 9937 9945 9943 9934 9923 9911 9899 9888
892.8802 9883 9885 9896 9914 9933 9947 9951 9942 9922 9898 9876 9867 9873 9887
899.6298 9899 9895 9871 9833 9796 9778 9787 9818 9858 9888 9898 9888 9870 9855
906.3795 9851 9857 9866 9870 9868 9862 9857 9856 9858 9860 9856 9846 9829 9811
913.1291 9797 9792 9798 9815 9837 9856 9863 9852 9825 9789 9754 9725 9704 9687
919.8787 9673 9662 9659 9667 9686 9711 9732 9744 9745 9738 9729 9721 9714 9706
926.6284 9694 9677 9656 9632 9610 9592 9580 9574 9573 9574 9575 9572 9560 9534
933.3780 9494 9440 9377 9313 9256 9209 9173 9143 9110 9068 9011 8935 8845 8749
940.1276 8661 8601 8588 8634 8736 8880 9043 9204 9351 9479 9588 9675 9738 9772
946.8773 9781 9774 9764 9763 9775 9795 9814 9825 9824 9815 9802 9789 9777 9766
953.6269 9757 9752 9750 9753 9758 9763 9766 9765 9758 9746 9728 9710 9697 9694
960.3765 9704 9725 9746 9759 9755 9736 9707 9679 9660 9653 9656 9663 9670 9677
967.1262 9682 9686 9685 9673 9647 9610 9569 9535 9516 9517 9532 9553 9566 9566
973.8758 9550 9524 9497 9476 9463 9454 9442 9422 9394 9362 9334 9314 9304 9302
980.6254 9302 9302 9297 9287 9270 9249 9224 9200 9179 9166 9163 9169 9182 9198
987.3751 9212 9219 9216 9203 9181 9151 9117 9081 9044 9008 8975 8949 8931 8920
994.1247 8912 8902 8886 8862 8832 8800 8766 8731 8693 8653 8609 8562 8514 8469
1000.8743 8430 8403 8390 8389 8397 8406 8409 8405 8397 8394 8406 8439 8496
1007.1418 8572 8660 8752 8839 8919 8992 9056 9110 9152 9179 9193 9198 9199
1013.4094 9198 9194 9183 9159 9121 9072 9018 8967 8918 8872 8821 8762 8698
1019.6769 8632 8571 8522 8485 8460 8443 8429 8409 8377 8327 8258 8178 8095
1025.9445 8019 7954 7904 7869 7854 7868 7918 8004 8123 8261 8408 8554 8692
1032.2119 8822 8941 9047 9139 9217 9285 9346 9405 9463 9518 9566 9604 9629
1038.4795 9642 9647 9647 9646 9651 9663 9683 9708 9733 9751 9757 9750 9731
1044.7469 9709 9689 9678 9677 9683 9695 9707 9720 9730 9736 9737 9733 9724
1051.0145 9716 9711 9712 9717 9721 9721 9713 9695 9670 9644 9623 9614 9618
1057.2820 9633 9651 9664 9669 9666 9663 9662 9665 9666 9662 9651 9638 9629
1063.5496 9628 9634 9639 9638 9627 9609 9589 9570 9555 9543 9537 9534 9535
1069.8170 9539 9543 9545 9544 9538 9523 9502 9476 9451 9434 9425 9425 9426
1076.0846 9423 9413 9398 9383 9369 9358 9347 9334 9321 9310 9304 9305 9309
1082.3521 9313 9309 9296 9276 9253 9234 9222 9219 9225 9238 9255 9268 9272
1088.6196 9260 9233 9195 9154 9121 9101 9094 9092 9086 9069 9040 9005 8975
1094.8871 8959 8960 8974 8994 9010 9015 9008 8991 8969 8944 8919 8895 8872
1101.1547 8856 8846 8843 8843 8842 8836 8824 8809 8795 8785 8780 8779 8779
1107.4221 8778 8774 8770 8768 8771 8782 8799 8818 8836 8853 8870 8891 8917
1113.6897 8945 8970 8982 8980 8964 8943 8925 8915 8914 8918 8920 8921 8920
1119.9572 8923 8931 8944 8956 8960 8953 8933 8909 8889 8881 8887 8902 8918
1126.2247 8925 8918 8898 8873 8849 8831 8819 8807 8792 8768 8736 8700 8665
1132.4922 8635 8612 8594 8578 8560 8538 8512 8483 8453 8425 8399 8375 8353
1138.7598 8332 8312 8290 8265 8235 8198 8153 8100 8041 7976 7907 7836 7761
1145.0272 7684 7606 7529 7454 7384 7318 7260 7209 7169 7141 7125 7123 7134
1151.2948 7158 7196 7249 7319 7403 7497 7597 7695 7788 7874 7953 8025 8090
1157.5623 8146 8193 8232 8266 8298 8328 8356 8379 8396 8403 8404 8400 8393
1163.8298 8386 8376 8365 8351 8334 8316 8297 8277 8257 8236 8217 8199 8183
1170.0973 8169 8156 8142 8127 8108 8083 8053 8017 7977 7936 7896 7857 7819
1176.3649 7782 7745 7708 7671 7633 7595 7557 7519 7483 7449 7418 7392 7368
1182.6323 7347 7327 7309 7292 7277 7264 7253 7244 7237 7227 7213 7193 7165
1188.8999 7132 7095 7056 7015 6972 6927 6881 6836 6796 6763 6739 6723 6714
1195.1674 6711 6714 6724 6740 6762 6789 6819 6851 6884 6916 6948 6974 6995
1201.4349 7009 7015 7015 7009 6999 6983 6964 6940 6915 6889 6863 6840 6818
1207.7024 6796 6774 6753 6736 6726 6724 6731 6744 6762 6783 6807 6837 6875
1213.9700 6922 6978 7042 7110 7180 7249 7318 7387 7458 7530 7604 7678 7752
1220.2374 7825 7899 7976 8057 8140 8221 8295 8358 8410 8454 8494 8534 8576
1226.5050 8620 8663 8701 8732 8753 8764 8767 8763 8756 8749 8743 8739 8737
1232.7725 8735 8734 8733 8735 8742 8758 8785 8823 8871 8926 8985 9042 9096
1239.0400 9143 9181 9210 9229 9242 9253 9264 9275 9287 9294 9295 9286 9266
1245.3075 9238 9204 9169 9136 9106 9081 9061 9044 9029 9015 8999 8982 8960
1251.5751 8936 8909 8881 8853 8826 8798 8769 8737 8703 8667 8629 8589 8548
1257.8425 8507 8466 8427 8389 8351 8313 8275 8237 8201 8166 8135 8104 8070
1264.1101 8030 7983 7930 7876 7826 7784 7750 7721 7693 7666 7639 7617 7601
1270.3776 7592 7587 7583 7578 7573 7570 7572 7583 7605 7637 7678 7726 7780
1276.6451 7836 7896 7957 8022 8089 8158 8230 8303 8373 8438 8497 8549 8593
1282.9126 8629 8653 8664 8660 8641 8609 8571 8529 8487 8446 8407 8370 8335
1289.1802 8301 8269 8236 8200 8158 8109 8056 8000 7944 7891 7844 7804 7772
1295.4476 7747 7731 7722 7722 7731 7748 7774 7809 7853 7901 7952 8004 8055
1301.7152 8107 8162 8219 8277 8333 8388 8440 8493 8549 8609 8672 8733 8790
1307.9827 8841 8888 8935 8983 9032 9079 9121 9157 9188 9216 9246 9280 9317
1314.2502 9355 9393 9428 9459 9488 9516 9545 9574 9605 9635 9665 9692 9718
1320.5177 9742 9765 9786 9807 9824 9839 9850 9860 9869 9880 9893 9906 9897
1326.7853 9905 9911 9913 9915 9917 9919 9920 9919 9916 9912 9908 9907 9907
1333.0527 9907 9905 9900 9889 9875 9858 9842 9829 9818 9808 9797 9784 9767
1339.3203 9750 9734 9721 9711 9701 9689 9673 9651 9625 9595 9563 9533 9504
1345.5878 9476 9450 9424 9399 9373 9347 9322 9296 9272 9249 9226 9202 9177
1351.8553 9149 9122 9095 9069 9045 9022 8999 8977 8955 8936 8918 8902 8884
1358.1228 8863 8836 8801 8758 8710 8658 8607 8556 8507 8459 8416 8380 8358
1364.3904 8353 8368 8404 8460 8534 8623 8724 8833 8943 9049 9145 9228 9298
1370.6578 9357 9408 9453 9493 9526 9553 9573 9588 9603 9618 9633 9647 9658
1376.9254 9666 9672 9676 9681 9687 9693 9698 9701 9701 9700 9696 9692 9689
1383.1929 9688 9687 9688 9688 9686 9683 9680 9679 9680 9684 9688 9689 9688
1389.4604 9685 9683 9683 9684 9685 9687 9689 9689 9689 9687 9685 9686 9690
1395.7279 9697 9703 9708 9709 9708 9704 9699 9697 9700 9705 9710 9712 9711
1401.9955 9705 9695 9681 9668 9655 9645 9638 9632 9624 9613 9598 9580 9561
1408.2629 9542 9522 9502 9479 9454 9428 9406 9388 9377 9371 9367 9363 9357
1414.5305 9344 9326 9301 9273 9245 9222 9204 9190 9176 9157 9134 9111 9089
1420.7980 9069 9051 9034 9018 9002 8989 8980 8979 8984 8992 9002 9012 9020
1427.0656 9026 9028 9027 9024 9017 9007 8995 8979 8959 8934 8903 8863 8815
1433.3330 8760 8705 8657 8617 8584 8558 8537 8525 8526 8538 8560 8594 8641
1439.6006 8701 8768 8837 8901 8958 9005 9045 9078 9104 9123 9135 9138 9134
1445.8680 9124 9109 9093 9077 9062 9048 9034 9018 9001 8981 8963 8950 8946
1452.1356 8953 8971 8993 9015 9033 9048 9059 9066 9068 9061 9044 9022 9000
1458.4031 8979 8959 8939 8915 8888 8859 8831 8809 8798 8801 8821 8858 8912
1464.6707 8974 9032 9075 9103 9121 9133 9143 9148 9146 9138 9126 9115 9106
1470.9381 9104 9107 9116 9130 9142 9148 9148 9144 9141 9142 9148 9158 9170
1477.2057 9181 9190 9195 9197 9193 9184 9170 9156 9145 9138 9134 9129 9119
1483.4731 9103 9082 9057 9032 9007 8980 8949 8913 8874 8839 8809 8784 8763
1489.7407 8741 8716 8687 8654 8618 8577 8533 8488 8444 8404 8367 8329 8286
1496.0082 8238 8191 8147 8109 8071 8029 7981 7930 7879 7833 7791 7753 7718
1502.2758 7687 7661 7643 7635 7637 7651 7680 7735 7825 7943 8056 8142 8204
1508.5432 8254 8296 8333 8368 8401 8433 8463 8488 8502 8500 8481 8448 8407
1514.8108 8364 8323 8284 8245 8202 8153 8100 8048 7999 7952 7905 7857 7812
1521.0782 7782 7776 7782 7787 7786 7786 7794 7818 7861 7921 7988 8053 8113
1527.3458 8172 8235 8299 8360 8414 8460 8500 8536 8571 8605 8642 8685 8736
1533.6133 8791 8841 8878 8904 8923 8943 8967 8996 9030 9070 9118 9177 9247
1539.8809 9316 9374 9421 9462 9500 9532 9556 9573 9589 9607 9628 9649 9667
1546.1483 9679 9687 9693 9699 9704 9706 9703 9697 9693 9694 9700 9709 9719
1552.4159 9729 9737 9737 9730 9717 9706 9700 9700 9708 9719 9731 9739 9739
1558.6833 9737 9738 9735 9720 9699 9679 9664 9655 9651 9648 9644 9636 9626
1564.9509 9616 9608 9598 9587 9573 9558 9545 9536 9533 9535 9538 9535 9525
1571.2184 9511 9496 9482 9470 9459 9450 9445 9444 9446 9451 9455 9457 9455
1577.4860 9449 9444 9441 9441 9441 9441 9441 9444 9449 9456 9464 9468 9467
1583.7534 9461 9452 9440 9427 9415 9403 9393 9383 9374 9365 9357 9348 9339
1590.0210 9330 9319 9307 9296 9285 9276 9271 9270 9271 9273 9273 9270 9266
1596.2885 9260 9254 9250 9246 9242 9236 9227 9216 9203 9190 9176 9162 9149
1602.5560 9134 9118 9101 9083 9064 9045 9025 9004 8981 8956 8929 8900 8871
1608.8235 8843 8816 8792 8770 8751 8732 8713 8693 8671 8648 8624 8601 8582
1615.0911 8566 8554 8547 8545 8544 8538 8526 8511 8498 8489 8486 8487 8492
1621.3585 8498 8504 8513 8525 8543 8563 8578 8587 8590 8590 8590 8591 8591
1627.6261 8588 8580 8565 8545 8523 8500 8478 8453 8425 8391 8355 8321 8290
1633.8936 8266 8247 8234 8228 8228 8231 8239 8253 8277 8310 8351 8396 8445
1640.1611 8496 8550 8607 8665 8722 8776 8823 8864 8899 8929 8957 8982 9005
1646.4287 9027 9048 9067 9084 9096 9104 9107 9105 9104 9104 9107 9110 9105
1652.6962 9087 9067 9051 9030 9004 8977 8952 8930 8910 8892 8876 8861 8844
1658.9637 8825 8803 8779 8755 8732 8711 8691 8671 8653 8633 8613 8590 8566
1665.2312 8538 8505 8469 8431 8391 8351 8309 8267 8227 8194 8164 8133 8096
1671.4988 8052 8004 7957 7915 7878 7845 7812 7777 7742 7707 7672 7635 7596
1677.7662 7558 7521 7488 7463 7448 7441 7438 7436 7432 7429 7427 7432 7454
1684.0338 7504 7569 7617 7640 7652 7664 7683 7712 7750 7797 7851 7911 7974
1690.3013 8038 8100 8156 8207 8250 8286 8317 8348 8380 8420 8471 8533 8594
1696.5688 8634 8651 8659 8667 8683 8712 8765 8857 8969 9046 9077 9089 9104
1702.8363 9133 9177 9233 9292 9347 9393 9433 9468 9503 9535 9563 9587 9608
1709.1039 9628 9646 9661 9674 9685 9694 9702 9709 9716 9724 9734 9747 9764
1715.3713 9782 9799 9814 9824 9828 9828 9826 9825 9823 9823 9826 9831 9837
1721.6389 9843 9849 9855 9865 9878 9893 9907 9917 9919 9915 9908 9899 9892
1727.9064 9887 9884 9882 9883 9886 9892 9900 9907 9913 9918 9920 9917 9911
1734.1740 9907 9902 9894 9882 9872 9865 9862 9863 9865 9867 9869 9870 9872
1740.4414 9872 9870 9868 9868 9872 9880 9891 9902 9907 9906 9899 9889 9879
1746.7090 9870 9863 9861 9861 9864 9866 9866 9865 9865 9868 9875 9885 9895
1752.9764 9903 9911 9918 9926 9933 9937 9937 9932 9927 9925 9930 9940 9953
1759.2440 9966 9976 9982 9982 9977 9970 9964 9962 9962 9964 9967 9970 9972
1765.5115 9972 9971 9971 9974 9981 9992 10001 10003 9998 9990 9983 9980 9983
1771.7791 9990 9997 9998 9991 9983 9977 9979 9986 9997 10006 10010 10010 10007
1778.0465 10001 9995 9989 9983 9979 9978 9980 9982 9983 9982 9982 9982 9985
1784.3141 9990 9997 10002 10003 9999 9992 9984 9978 9975 9976 9980 9984 9987
1790.5815 9987 9983 9977 9969 9963 9959 9957 9957 9958 9961 9966 9972 9977
1796.8491 9982 9985 9988 9990 9991 9990 9986 9981 9975 9971 9970 9973 9978
1803.1166 9985 9989 9990 9988 9982 9976 9972 9971 9972 9975 9978 9979 9978
1809.3842 9974 9970 9967 9964 9963 9963 9964 9967 9971 9977 9983 9987 9987
1815.6516 9983 9975 9966 9959 9955 9956 9961 9968 9976 9982 9986 9988 9988
1821.9192 9984 9979 9972 9965 9961 9963 9971 9983 9994 9998 9994 9984 9972
1828.1866 9961 9955 9953 9957 9963 9968 9971 9973 9975 9979 9983 9987 9990
1834.4542 9992 9991 9987 9980 9973 9966 9962 9963 9967 9970 9969 9965 9957
1840.7217 9950 9948 9952 9960 9970 9976 9975 9970 9966 9966 9970 9975 9980
1846.9893 9982 9982 9982 9982 9983 9984 9984 9981 9977 9973 9969 9966 9966
1853.2567 9968 9971 9976 9980 9984 9984 9981 9975 9968 9963 9961 9963 9968
1859.5243 9974 9979 9982 9983 9983 9981 9978 9975 9972 9970 9972 9976 9979
1865.7917 9979 9973 9960 9945 9931 9925 9930 9943 9958 9970 9976 9978 9979
1872.0593 9980 9982 9983 9982 9979 9974 9968 9964 9962 9961 9961 9962 9965
1878.3268 9971 9981 9991 9997 9995 9983 9965 9946 9932 9926 9928 9936 9945
1884.5944 9953 9959 9965 9969 9971 9971 9968 9962 9957 9955 9955 9958 9961
1890.8618 9963 9964 9964 9963 9962 9960 9957 9955 9955 9956 9959 9960 9958
1897.1294 9955 9952 9952 9955 9960 9964 9966 9967 9967 9967 9967 9965 9960
1903.3969 9952 9943 9936 9936 9941 9951 9962 9972 9979 9984 9987 9989 9990
1909.6644 9990 9987 9983 9977 9970 9960 9948 9934 9921 9914 9915 9924 9938
1915.9319 9953 9964 9970 9969 9965 9961 9957 9954 9953 9952 9955 9959 9965
1922.1995 9972 9977 9981 9984 9986 9987 9986 9982 9973 9963 9953 9946 9944
1928.4669 9944 9945 9942 9936 9926 9917 9910 9910 9916 9928 9942 9955 9963
1934.7345 9965 9962 9956 9952 9952 9959 9969 9981 9990 9991 9985 9972 9956
1941.0020 9939 9921 9905 9892 9886 9889 9902 9924 9948 9969 9980 9979 9970
1947.2695 9958 9949 9943 9939 9935 9930 9928 9931 9942 9955 9965 9967 9960
1953.5370 9948 9936 9932 9935 9945 9956 9967 9976 9986 9996 10006 10013 10017
1959.8046 10018 10017 10012 10004 9991 9976 9962 9951 9945 9940 9934 9925 9914
1966.0720 9905 9902 9907 9920 9936 9950 9959 9961 9961 9960 9965 9974 9986
1972.3396 9992 9988 9972 9952 9937 9937 9953 9978 10001 10011 10003 9983 9958
1978.6071 9938 9925 9921 9920 9921 9925 9933 9947 9967 9988 10004 10010 10007
1984.8746 9997 9986 9978 9975 9976 9977 9977 9975 9971 9965 9960 9954 9947
1991.1421 9939 9931 9925 9924 9927 9931 9931 9927 9920 9917 9923 9938 9959
1997.4097 9979 9991 9994 9991 9985 9979 9970 9959 9948 9940 9940 9952 9970
2003.6771 9988 9996 9991 9975 9954 9937 9931 9938 9954 9973 9988 9998 10002
2009.9447 10003 10005 10008 10010 10008 10000 9989 9982 9983 9993 10008 10019
2015.7301 10018 10004 9984 9964 9952 9946 9943 9936 9925 9910 9897 9890 9891
2021.9976 9902 9920 9941 9961 9974 9980 9980 9980 9984 9993 10002 10007 10005
2028.2651 9998 9992 9990 9992 9993 9988 9975 9958 9943 9936 9937 9948 9964
2034.5326 9984 10005 10023 10032 10031 10019 10003 9991 9989 9999 10018 10038
2040.3180 10053 10057 10052 10042 10032 10029 10030 10033 10031 10020 9999
2045.6213 9974 9952 9941 9942 9951 9964 9975 9983 9987 9988 9986 9979 9968
2051.8889 9956 9946 9939 9939 9942 9946 9948 9946 9942 9939 9940 9947 9960
2058.1563 9975 9989 9999 10004 10004 10000 9992 9983 9975 9969 9963 9957 9949
2064.4238 9939 9931 9927 9929 9935 9944 9954 9965 9980 9997 10012 10021 10020
2070.6914 10010 9994 9977 9963 9953 9949 9951 9961 9976 9991 9999 9996 9983
2076.9590 9965 9949 9941 9941 9946 9954 9961 9967 9971 9973 9970 9962 9947
2083.2263 9931 9918 9912 9913 9922 9934 9945 9956 9964 9969 9973 9974 9973
2089.4939 9969 9965 9962 9960 9960 9960 9959 9958 9959 9962 9969 9979 9986
2095.7615 9990 9988 9980 9970 9958 9949 9942 9937 9934 9933 9936 9943 9954
2102.0291 9968 9983 9996 10004 10004 9996 9980 9960 9940 9924 9912 9906 9905
2108.2964 9907 9913 9921 9931 9939 9943 9945 9946 9948 9953 9960 9964 9963
2114.5640 9959 9953 9951 9952 9953 9952 9944 9931 9916 9906 9905 9916 9935
2120.8315 9955 9970 9977 9975 9968 9962 9961 9964 9968 9969 9962 9950 9935
2127.0991 9926 9926 9937 9954 9971 9984 9988 9986 9979 9969 9960 9952 9945
2133.3665 9941 9938 9938 9939 9944 9953 9965 9979 9991 9998 9997 9989 9976
2139.6340 9964 9956 9955 9959 9965 9972 9977 9981 9983 9984 9984 9982 9981
2145.9016 9982 9986 9993 10000 10004 10003 9996 9985 9972 9961 9956 9959 9972
2152.1692 9992 10016 10037 10049 10047 10032 10011 9992 9983 9987 10003 10023
2157.9546 10037 10037 10024 10003 9982 9969 9969 9979 9997 10014 10026 10030
2163.7400 10024 10012 9997 9983 9972 9965 9961 9956 9950 9940 9930 9923 9923
2170.0073 9932 9949 9971 9991 10006 10011 10009 10002 9996 9994 9995 9996 9993
2176.2749 9983 9971 9964 9969 9984 10006 10024 10030 10023 10010 9996 9986
2182.0603 9981 9977 9969 9958 9947 9940 9939 9946 9959 9977 9997 10017 10033
2188.3279 10038 10031 10013 9990 9970 9956 9951 9950 9950 9949 9948 9948 9952
2194.5955 9959 9966 9971 9972 9972 9975 9982 9992 10001 10003 9996 9982 9969
2200.8628 9967 9982 10013 10052 10085 10097 10081 10041 9990 9943 9915 9911
2206.6482 9924 9947 9969 9986 9996 10004 10009 10011 10006 9994 9975 9955 9939
2212.9158 9930 9930 9937 9949 9962 9973 9978 9975 9966 9954 9945 9944 9951
2219.1833 9963 9971 9972 9963 9947 9932 9922 9923 9933 9949 9967 9982 9992
2225.4509 9994 9988 9974 9959 9949 9949 9962 9985 10010 10027 10031 10020 9999
2231.7183 9975 9953 9935 9923 9915 9913 9918 9931 9950 9971 9988 9999 10001
2237.9858 9996 9988 9981 9975 9971 9967 9963 9961 9961 9964 9969 9973 9975
2244.2534 9975 9974 9971 9968 9965 9962 9956 9947 9938 9931 9930 9937 9951
2250.5210 9968 9980 9985 9982 9971 9959 9948 9942 9943 9948 9957 9966 9972
2256.7883 9974 9971 9965 9958 9952 9948 9946 9945 9944 9946 9950 9957 9966
2263.0559 9976 9987 9997 10005 10009 10007 9997 9980 9962 9948 9944 9950 9963
2269.3235 9978 9988 9992 9989 9982 9975 9968 9964 9962 9961 9963 9965 9966
2275.5911 9966 9965 9965 9966 9968 9969 9967 9962 9957 9953 9951 9950 9949
2281.8584 9947 9946 9947 9950 9953 9954 9949 9939 9926 9915 9910 9912 9919
2288.1260 9928 9935 9939 9940 9938 9936 9935 9936 9938 9942 9946 9949 9949
2294.3936 9947 9941 9935 9929 9927 9929 9934 9940 9946 9952 9955 9957 9956
2300.6611 9951 9943 9934 9927 9926 9933 9947 9962 9973 9975 9966 9950 9931
2306.9285 9915 9906 9905 9913 9926 9943 9959 9971 9978 9978 9973 9965 9956
2313.1960 9945 9931 9915 9898 9887 9883 9889 9903 9922 9940 9954 9962 9962
2319.4636 9955 9942 9924 9908 9896 9891 9894 9902 9913 9925 9936 9947 9956
2325.7312 9963 9964 9957 9944 9926 9908 9895 9892 9900 9917 9940 9963 9983
2331.9985 9995 9997 9987 9971 9953 9941 9935 9935 9937 9935 9928 9916 9903
2338.2661 9893 9888 9887 9889 9892 9897 9902 9909 9920 9935 9952 9964 9966
2344.5337 9956 9938 9920 9911 9910 9915 9920 9920 9915 9909 9905 9905 9909
2350.8013 9918 9926 9931 9930 9924 9917 9913 9916 9928 9949 9975 10003 10025
2357.0686 10037 10032 10011 9982 9954 9937 9933 9937 9943 9942 9934 9922 9912
2363.3362 9909 9915 9927 9943 9957 9966 9970 9972 9974 9977 9978 9973 9960
2369.6038 9941 9924 9916 9921 9936 9955 9969 9972 9965 9952 9939 9930 9926
2375.8713 9927 9932 9939 9948 9955 9958 9953 9942 9927 9913 9905 9907 9916
2382.1387 9930 9942 9950 9951 9947 9941 9935 9931 9930 9934 9941 9951 9961
2388.4063 9970 9973 9971 9964 9954 9945 9941 9944 9953 9965 9978 9986 9989
2394.6738 9987 9985 9982 9980 9977 9971 9964 9958 9955 9957 9961 9965 9967
2400.9414 9966 9966 9967 9972 9979 9984 9984 9977 9966 9954 9945 9943 9948
2407.2087 9957 9966 9973 9976 9974 9970 9964 9958 9953 9950 9948 9949 9952
2413.4763 9957 9965 9973 9978 9979 9974 9964 9952 9943 9941 9950 9966 9984
2419.7439 9997 10001 9995 9983 9971 9964 9962 9966 9972 9978 9983 9987 9989
2426.0115 9990 9989 9989 9991 9996 10002 10005 10003 9994 9980 9965 9955 9949
2432.2788 9948 9949 9951 9954 9958 9963 9968 9973 9977 9981 9983 9983 9980
2438.5464 9974 9968 9964 9964 9968 9975 9981 9982 9978 9969 9960 9954 9953
2444.8140 9954 9955 9954 9949 9945 9944 9948 9957 9965 9970 9972 9971 9971
2451.0815 9973 9977 9981 9983 9982 9981 9982 9984 9988 9990 9990 9986 9980
2457.3489 9973 9966 9961 9961 9965 9974 9984 9992 9996 9995 9988 9978 9967
2463.6165 9955 9946 9942 9944 9952 9962 9973 9980 9982 9981 9978 9975 9971
2469.8840 9966 9959 9953 9950 9952 9959 9970 9980 9987 9990 9988 9984 9980
2476.1516 9978 9976 9974 9972 9968 9964 9962 9963 9966 9973 9979 9983 9981
2482.4189 9974 9962 9949 9939 9934 9936 9943 9953 9963 9971 9978 9982 9983
2488.6865 9980 9975 9970 9969 9973 9981 9991 9999 10002 10001 9997 9993 9989
2494.9541 9985 9980 9976 9975 9975 9976 9975 9970 9964 9959 9959 9967 9981
2501.2217 9996 10006 10008 10003 9994 9985 9978 9974 9971 9968 9963 9959 9957
2507.4890 9959 9964 9973 9981 9987 9990 9987 9980 9971 9964 9960 9961 9966
2513.7566 9975 9983 9989 9992 9993 9993 9994 9999 10006 10014 10019 10018
2519.5420 10011 9997 9980 9963 9952 9947 9948 9954 9963 9972 9979 9985 9988
2525.8096 9988 9986 9981 9977 9974 9974 9975 9974 9968 9959 9948 9941 9940
2532.0771 9948 9961 9978 9994 10004 10005 9998 9986 9972 9962 9958 9961 9967
2538.3445 9973 9977 9978 9976 9972 9967 9962 9957 9952 9948 9947 9950 9958
2544.6121 9967 9977 9983 9984 9978 9966 9951 9934 9918 9907 9903 9906 9916
2550.8796 9930 9943 9952 9954 9951 9947 9946 9952 9964 9981 9997 10008 10011
2557.1472 10004 9991 9974 9958 9945 9938 9937 9939 9942 9947 9952 9957 9962
2563.4146 9967 9971 9973 9974 9973 9970 9966 9959 9951 9944 9941 9943 9950
2569.6821 9960 9969 9974 9976 9973 9966 9958 9950 9944 9941 9940 9941 9941
2575.9497 9940 9938 9938 9941 9949 9960 9971 9979 9982 9982 9978 9973 9970
2582.2173 9967 9964 9962 9957 9954 9952 9955 9962 9970 9975 9973 9964 9951
2588.4846 9941 9938 9944 9954 9964 9967 9961 9951 9939 9931 9929 9933 9941
2594.7522 9953 9963 9972 9978 9982 9985 9988 9990 9992 9991 9988 9984 9980
2601.0198 9978 9977 9978 9979 9977 9975 9971 9967 9963 9961 9961 9964 9969
2607.2874 9973 9975 9974 9972 9971 9972 9975 9979 9981 9982 9982 9983 9983
2613.5547 9983 9981 9976 9972 9970 9971 9974 9975 9970 9961 9950 9942 9941
2619.8223 9946 9956 9967 9976 9983 9987 9989 9988 9985 9980 9975 9970 9966
2626.0898 9962 9959 9957 9958 9963 9970 9977 9981 9982 9979 9975 9973 9972
2632.3574 9972 9972 9970 9966 9962 9960 9961 9964 9969 9975 9982 9987 9991
2638.6250 9991 9988 9981 9972 9964 9958 9956 9958 9962 9968 9973 9977 9981
2644.8923 9985 9988 9991 9991 9988 9982 9974 9967 9962 9960 9958 9955 9951
2651.1599 9946 9943 9943 9947 9954 9960 9962 9959 9953 9948 9947 9951 9958
2657.4275 9964 9966 9962 9956 9952 9952 9957 9963 9967 9966 9961 9956 9953
2663.6951 9956 9961 9967 9971 9970 9965 9960 9954 9951 9951 9952 9955 9957
2669.9624 9959 9959 9958 9956 9952 9949 9948 9949 9952 9955 9957 9957 9958
2676.2300 9959 9962 9965 9967 9964 9956 9947 9938 9935 9938 9944 9950 9952
2682.4976 9950 9946 9942 9942 9945 9950 9956 9960 9962 9962 9961 9960 9959
2688.7651 9958 9957 9957 9957 9959 9960 9962 9961 9959 9956 9952 9951 9951
2695.0325 9954 9959 9964 9966 9966 9963 9958 9953 9951 9952 9956 9961 9966
2701.3000 9969 9970 9966 9960 9953 9947 9945 9950 9959 9969 9977 9980 9978
2707.5676 9974 9969 9966 9965 9965 9963 9959 9954 9950 9949 9951 9958 9966
2713.8352 9972 9975 9974 9970 9965 9960 9956 9954 9952 9950 9949 9950 9952
2720.1025 9953 9954 9954 9954 9956 9960 9965 9968 9967 9962 9954 9944 9936
2726.3701 9931 9931 9935 9943 9955 9967 9977 9982 9982 9975 9965 9955 9948
2732.6377 9947 9950 9957 9963 9967 9966 9962 9957 9952 9950 9952 9956 9962
2738.9053 9967 9970 9971 9972 9973 9975 9976 9976 9973 9968 9965 9966 9971
2745.1726 9980 9986 9988 9983 9974 9965 9960 9960 9962 9964 9963 9959 9955
2751.4402 9954 9956 9961 9967 9972 9974 9972 9967 9959 9951 9944 9941 9942
2757.7078 9946 9951 9955 9957 9955 9951 9947 9945 9944 9945 9947 9948 9947
2763.9753 9943 9938 9933 9930 9930 9933 9937 9940 9944 9950 9959 9970 9983
2770.2427 9991 9992 9984 9969 9951 9936 9926 9925 9929 9937 9944 9948 9946
2776.5103 9941 9935 9932 9936 9945 9953 9958 9955 9947 9936 9928 9926 9931
2782.7778 9939 9947 9952 9953 9949 9942 9935 9930 9929 9931 9936 9941 9944
2789.0454 9944 9941 9936 9933 9932 9933 9935 9936 9935 9932 9928 9925 9924
2795.3127 9925 9929 9933 9936 9937 9936 9934 9934 9935 9940 9946 9951 9954
2801.5803 9953 9947 9940 9931 9923 9917 9914 9914 9917 9923 9930 9937 9943
2807.8479 9946 9945 9941 9935 9929 9925 9924 9926 9930 9934 9936 9935 9931
2814.1155 9924 9918 9913 9912 9914 9915 9914 9910 9903 9896 9892 9893 9898
2820.3828 9904 9909 9912 9911 9910 9909 9910 9912 9913 9911 9903 9890 9875
2826.6504 9863 9861 9869 9885 9902 9912 9911 9900 9883 9866 9852 9842 9834
2832.9180 9826 9819 9813 9810 9810 9812 9813 9810 9805 9799 9796 9795 9797
2839.1855 9799 9799 9799 9799 9802 9807 9815 9823 9828 9831 9832 9833 9834
2845.4529 9838 9843 9850 9856 9859 9858 9853 9845 9840 9840 9847 9861 9878
2851.7205 9894 9904 9908 9905 9899 9892 9885 9880 9878 9877 9880 9886 9893
2857.9880 9899 9901 9899 9893 9887 9885 9889 9898 9908 9916 9918 9913 9903
2864.2556 9890 9877 9867 9860 9858 9860 9867 9877 9889 9901 9912 9918 9919
2870.5229 9914 9906 9896 9888 9885 9886 9890 9895 9899 9901 9902 9903 9903
2876.7905 9901 9896 9887 9876 9867 9862 9864 9873 9887 9900 9909 9912 9910
2883.0581 9905 9900 9897 9896 9896 9896 9894 9890 9885 9878 9872 9867 9863
2889.3257 9861 9864 9870 9879 9889 9896 9898 9896 9889 9879 9868 9858 9852
2895.5930 9850 9852 9858 9864 9866 9863 9856 9849 9844 9846 9853 9862 9868
2901.8606 9868 9862 9852 9842 9835 9830 9828 9825 9820 9816 9815 9818 9826
2908.1282 9836 9843 9846 9844 9841 9839 9841 9844 9846 9843 9837 9831 9829
2914.3958 9831 9837 9843 9848 9850 9851 9852 9853 9854 9851 9844 9834 9823
2920.6631 9813 9803 9793 9783 9773 9766 9766 9772 9783 9795 9803 9805 9801
2926.9307 9793 9784 9775 9768 9763 9758 9753 9749 9745 9744 9747 9754 9762
2933.1982 9767 9766 9758 9745 9731 9722 9718 9721 9727 9735 9740 9739 9730
2939.4658 9714 9696 9679 9669 9667 9673 9682 9692 9700 9708 9716 9723 9730
2945.7332 9735 9739 9743 9748 9757 9767 9777 9784 9787 9788 9789 9793 9802
2952.0007 9813 9825 9836 9844 9850 9854 9857 9858 9855 9847 9838 9829 9825
2958.2683 9827 9834 9843 9852 9859 9863 9864 9862 9856 9847 9838 9831 9828
2964.5359 9830 9834 9840 9845 9846 9842 9833 9820 9805 9792 9784 9783 9787
2970.8032 9791 9794 9792 9788 9785 9787 9795 9806 9815 9818 9815 9808 9801
2977.0708 9797 9798 9801 9805 9806 9805 9800 9791 9777 9757 9734 9714 9700
2983.3384 9697 9704 9719 9737 9754 9767 9777 9784 9790 9795 9800 9805 9810
2989.6060 9816 9827 9845 9869 9896 9919 9931 9930 9917 9898 9882 9875 9880
2995.8733 9892 9907 9919 9926 9926 9925 9923 9924 9927 9934 9940 9946 9950
3002.1409 9952 9952 9950 9946 9941 9936 9929 9920 9911 9901 9894 9891 9894
3008.4084 9902 9913 9925 9936 9947 9958 9967 9972 9969 9957 9941 9924 9912
3014.6760 9905 9902 9898 9893 9889 9889 9896 9909 9923 9933 9935 9931 9925
3020.9434 9925 9930 9940 9948 9949 9941 9925 9906 9889 9882 9887 9902 9923
3027.2109 9943 9957 9961 9958 9950 9942 9937 9936 9940 9948 9956 9962 9963
3033.4785 9959 9949 9939 9931 9930 9935 9946 9959 9969 9974 9972 9966 9956
3039.7461 9946 9936 9928 9923 9921 9924 9932 9944 9957 9967 9973 9972 9967
3046.0134 9960 9954 9952 9954 9958 9961 9960 9954 9943 9928 9914 9905 9904
3052.2810 9910 9922 9937 9950 9959 9962 9959 9952 9943 9935 9930 9926 9924
3058.5486 9920 9917 9913 9912 9913 9916 9920 9923 9926 9930 9937 9945 9954
3064.8162 9959 9961 9960 9957 9953 9949 9944 9940 9937 9939 9943 9950 9956
3071.0835 9958 9955 9947 9941 9937 9939 9945 9951 9954 9955 9952 9947 9941
3077.3511 9935 9929 9924 9921 9921 9923 9925 9926 9924 9922 9919 9918 9919
3083.6187 9919 9918 9917 9915 9914 9918 9925 9935 9944 9950 9952 9951 9947
3089.8862 9941 9935 9927 9918 9907 9895 9885 9878 9874 9875 9880 9888 9896
3096.1536 9903 9908 9911 9913 9913 9913 9911 9909 9904 9900 9897 9898 9904
3102.4211 9911 9917 9919 9915 9907 9898 9891 9887 9886 9889 9892 9897 9902
3108.6887 9904 9902 9895 9885 9875 9870 9871 9879 9890 9900 9906 9906 9902
3114.9563 9896 9890 9886 9884 9886 9889 9893 9896 9898 9900 9901 9901 9901
3121.2236 9902 9902 9903 9903 9902 9899 9893 9885 9877 9873 9874 9882 9894
3127.4912 9905 9913 9914 9910 9901 9891 9881 9873 9867 9863 9861 9860 9860
3133.7588 9858 9855 9850 9846 9843 9844 9849 9854 9859 9863 9868 9875 9884
3140.0264 9894 9900 9898 9888 9873 9856 9841 9828 9817 9807 9799 9795 9796
3146.2937 9801 9809 9818 9826 9835 9847 9860 9872 9878 9874 9861 9843 9824
3152.5613 9810 9802 9798 9797 9798 9800 9805 9813 9823 9831 9836 9834 9826
3158.8289 9813 9798 9786 9778 9778 9783 9792 9801 9807 9808 9804 9798 9791
3165.0964 9787 9787 9790 9793 9794 9794 9793 9792 9791 9791 9791 9787 9780
3171.3638 9775 9773 9774 9777 9776 9772 9765 9759 9756 9758 9764 9769 9773
3177.6313 9776 9778 9779 9779 9777 9773 9772 9775 9785 9798 9809 9811 9803
3183.8989 9790 9777 9772 9776 9787 9798 9805 9803 9796 9787 9781 9780 9781
3190.1665 9782 9779 9768 9753 9737 9725 9721 9727 9742 9762 9783 9800 9811
3196.4338 9813 9806 9795 9783 9775 9772 9774 9775 9773 9764 9751 9739 9732
3202.7014 9734 9744 9757 9766 9769 9767 9764 9765 9771 9781 9789 9789 9779
3208.9690 9761 9742 9729 9726 9733 9746 9760 9769 9772 9767 9758 9746 9735
3215.2366 9727 9723 9723 9727 9732 9736 9736 9733 9730 9730 9734 9741 9745
3221.5039 9746 9741 9734 9729 9728 9730 9732 9731 9725 9715 9702 9689 9679
3227.7715 9671 9669 9673 9683 9697 9711 9722 9729 9732 9732 9731 9732 9732
3234.0391 9730 9726 9722 9718 9719 9724 9732 9737 9734 9721 9702 9682 9669
3240.3066 9666 9674 9687 9701 9711 9717 9720 9722 9724 9723 9719 9711 9698
3246.5740 9683 9667 9653 9642 9635 9633 9635 9639 9645 9653 9663 9673 9684
3252.8416 9691 9692 9686 9674 9658 9643 9631 9626 9624 9624 9621 9615 9608
3259.1091 9606 9613 9630 9654 9676 9691 9693 9681 9659 9631 9604 9580 9562
3265.3767 9553 9552 9559 9569 9577 9580 9576 9566 9556 9549 9546 9547 9549
3271.6440 9548 9545 9540 9535 9531 9526 9519 9510 9497 9483 9470 9461 9458
3277.9116 9461 9467 9475 9482 9487 9490 9490 9488 9480 9467 9452 9437 9428
3284.1792 9426 9430 9436 9441 9442 9440 9437 9434 9430 9425 9419 9413 9408
3290.4468 9403 9398 9392 9382 9369 9354 9341 9334 9332 9336 9343 9350 9353
3296.7141 9353 9349 9343 9335 9325 9317 9311 9310 9315 9322 9330 9333 9331
3302.9817 9325 9317 9309 9303 9300 9300 9304 9311 9319 9323 9320 9309 9295
3309.2493 9283 9279 9283 9289 9291 9283 9264 9239 9214 9196 9187 9185 9185
3315.5168 9185 9181 9171 9154 9134 9113 9098 9092 9095 9101 9102 9096 9083
3321.7842 9068 9057 9052 9052 9051 9047 9041 9033 9026 9017 9003 8985 8964
3328.0518 8945 8934 8932 8936 8940 8939 8932 8920 8907 8895 8890 8891 8899
3334.3193 8910 8919 8922 8920 8915 8910 8909 8910 8913 8916 8921 8931 8948
3340.5869 8970 8993 9011 9024 9032 9041 9057 9081 9111 9145 9178 9211 9243
3346.8542 9276 9311 9346 9381 9414 9445 9475 9503 9530 9555 9577 9597 9614
3353.1218 9628 9640 9651 9663 9677 9692 9709 9723 9734 9740 9742 9739 9733
3359.3894 9728 9728 9739 9761 9790 9818 9840 9851 9854 9853 9850 9845 9837
3365.6570 9825 9812 9801 9794 9792 9795 9800 9804 9806 9805 9802 9799 9800
3371.9243 9806 9819 9835 9847 9853 9849 9839 9823 9807 9793 9781 9776 9776
3378.1919 9784 9797 9812 9826 9836 9840 9840 9837 9835 9834 9837 9843 9851
3384.4595 9860 9868 9878 9888 9898 9907 9913 9919 9925 9934 9943 9952 9955
3390.7271 9953 9946 9939 9937 9940 9949 9961 9972 9983 9992 9998 10000 9998
3396.9944 9992 9986 9984 9986 9993 10000 10005 10005 10000 9994 9988 9986 9987
3403.2620 9989 9990 9990 9986 9982 9979 9981 9989 10000 10010 10013 10006 9992
3409.5295 9978 9970 9971 9979 9986 9986 9980 9971 9968 9972 9982 9991 9990
3415.7971 9979 9960 9942 9935 9941 9960 9983 10000 10004 9991 9966 9938 9918
3422.0645 9912 9923 9945 9968 9982 9980 9964 9943 9928 9927 9941 9964 9989
3428.3320 10007 10016 10020 10020 10018 10011 9994 9967 9938 9917 9913 9926
3434.1174 9950 9973 9986 9985 9975 9963 9955 9953 9955 9959 9960 9957 9949
3440.3850 9938 9925 9914 9907 9906 9910 9917 9922 9923 9919 9911 9899 9885
3446.6526 9872 9862 9856 9850 9842 9831 9815 9799 9788 9787 9797 9814 9831
3452.9199 9841 9842 9832 9818 9805 9799 9802 9814 9833 9855 9878 9897 9909
3459.1875 9912 9906 9895 9883 9877 9881 9896 9919 9943 9963 9974 9972 9959
3465.4551 9938 9916 9899 9893 9899 9915 9936 9955 9964 9962 9948 9929 9909
3471.7227 9895 9891 9898 9914 9935 9953 9966 9971 9971 9969 9969 9970 9968
3477.9900 9959 9943 9924 9909 9906 9913 9927 9939 9942 9936 9927 9922 9927
3484.2576 9940 9956 9969 9972 9965 9952 9938 9930 9932 9945 9966 9989 10010
3490.5251 10025 10032 10030 10021 10007 9991 9977 9966 9962 9965 9973 9983
3496.3105 9992 9997 9998 9996 9994 9990 9983 9969 9947 9919 9896 9886 9896
3502.5781 9926 9964 9998 10017 10018 10009 9997 9990 9989 9988 9984 9974 9961
3508.8455 9951 9948 9951 9957 9959 9958 9956 9957 9962 9971 9978 9982 9980
3515.1130 9977 9976 9977 9982 9988 9997 10006 10016 10022 10023 10019 10013
3520.8984 10009 10007 10006 9999 9985 9965 9951 9952 9971 10003 10035 10055
3526.6838 10055 10038 10015 9997 9990 9993 9998 9999 9993 9980 9967 9957 9956
3532.9514 9962 9974 9986 9999 10015 10035 10064 10098 10129 10147 10148 10132
3538.7368 10104 10072 10042 10018 10000 9990 9988 9993 10003 10015 10022 10020
3544.5222 10007 9985 9962 9946 9944 9956 9978 10004 10024 10038 10046 10051
3550.3076 10057 10063 10066 10067 10066 10067 10070 10071 10067 10054 10035
3555.6108 10018 10010 10015 10031 10049 10061 10064 10058 10048 10036 10024
3560.9141 10012 9997 9978 9954 9930 9910 9902 9909 9931 9963 9994 10014 10015
3567.1816 10001 9982 9968 9961 9960 9958 9955 9950 9945 9945 9950 9960 9970
3573.4492 9979 9984 9985 9983 9979 9974 9965 9953 9936 9921 9913 9920 9943
3579.7168 9976 10009 10026 10019 9991 9953 9924 9920 9946 9998 10060 10115
3585.5022 10147 10142 10098 10025 9942 9873 9835 9832 9857 9900 9947 9988
3591.2876 10015 10025 10019 10003 9986 9978 9981 9993 10009 10022 10027 10023
3597.0730 10014 10002 9992 9988 9989 9996 10005 10010 10006 9993 9974 9952
3602.8584 9933 9920 9914 9915 9922 9929 9933 9932 9930 9935 9958 10003 10060
3609.1257 10107 10126 10110 10067 10012 9957 9914 9890 9886 9898 9917 9935
3614.9114 9946 9949 9943 9934 9927 9925 9927 9929 9925 9914 9902 9894 9896
3621.1787 9909 9931 9960 9993 10026 10053 10070 10071 10056 10029 9995 9957
3626.9641 9919 9883 9856 9847 9862 9889 9913 9927 9936 9948 9969 9998 10033
3633.2317 10064 10085 10094 10093 10085 10071 10050 10019 9983 9950 9930 9931
3639.0171 9950 9977 10001 10012 10008 9990 9966 9941 9918 9900 9883 9868 9855
3645.2847 9847 9847 9861 9889 9926 9961 9985 9995 9994 9991 9993 9999 10003
3651.5522 10004 10003 10001 10001 10003 10002 9994 9975 9949 9922 9905 9898
3657.3376 9899 9904 9914 9929 9951 9977 10001 10018 10026 10028 10028 10031
3663.1230 10033 10032 10025 10011 9995 9980 9967 9953 9937 9919 9906 9905 9920
3669.3904 9949 9978 9990 9980 9957 9934 9919 9914 9920 9935 9960 9993 10029
3675.6580 10051 10051 10033 10009 9987 9974 9971 9981 10001 10025 10047 10060
3681.4434 10062 10053 10036 10018 10002 9995 9996 10001 10004 10002 9992 9979
3687.2288 9968 9971 9992 10024 10051 10064 10060 10043 10019 9995 9975 9960
3693.0142 9948 9940 9937 9939 9945 9954 9963 9967 9968 9967 9965 9967 9971
3699.2817 9977 9984 9992 10001 10013 10026 10038 10043 10041 10031 10016 9996
3705.0671 9974 9952 9933 9921 9917 9923 9936 9950 9956 9950 9934 9919 9916
3711.3347 9929 9952 9971 9975 9968 9960 9962 9980 10009 10042 10064 10069
3717.1201 10053 10019 9976 9937 9910 9900 9905 9919 9939 9960 9976 9984 9983
3723.3875 9974 9964 9960 9963 9970 9975 9971 9957 9942 9936 9944 9964 9990
3729.6550 10012 10025 10026 10015 9998 9977 9957 9941 9933 9939 9962 9998
3735.4404 10030 10038 10017 9980 9946 9927 9926 9934 9942 9940 9925 9903 9882
3741.7080 9870 9873 9893 9936 10004 10083 10125 10101 10036 9964 9903 9864
3747.4934 9852 9873 9921 9975 10007 10004 9974 9934 9901 9889 9900 9922 9945
3753.7610 9962 9978 9992 10006 10017 10021 10016 10002 9982 9959 9938 9923
3759.5464 9921 9930 9945 9959 9969 9975 9979 9985 9994 10007 10023 10037 10049
3765.8137 10054 10050 10041 10027 10015 10009 10014 10030 10049 10061 10060
3771.1172 10051 10041 10037 10039 10044 10045 10037 10021 10000 9981 9968 9962
3776.9026 9962 9967 9976 9991 10010 10031 10047 10052 10046 10031 10010 9986
3782.6880 9964 9946 9937 9938 9950 9970 9994 10018 10041 10060 10075 10079
3788.4734 10071 10051 10024 10000 9990 9997 10017 10041 10056 10056 10043
3793.7766 10024 10005 9992 9987 9988 9994 10000 10005 10006 10006 10003 9999
3799.5620 9993 9984 9972 9963 9959 9959 9958 9954 9947 9940 9935 9934 9939
3805.8296 9953 9978 10013 10050 10080 10095 10092 10072 10038 9996 9956 9927
3811.6150 9917 9927 9953 9985 10013 10028 10022 9992 9951 9925 9929 9952 9977
3817.8823 9991 9990 9977 9964 9961 9980 10017 10050 10061 10047 10020 9991
3823.6677 9967 9949 9938 9935 9938 9947 9962 9981 9998 10010 10012 10003 9983
3829.9353 9954 9925 9905 9902 9913 9928 9938 9942 9943 9946 9956 9973 9992
3836.2029 10010 10023 10029 10026 10016 10004 9994 9990 9990 9994 9996 9994
3841.9883 9989 9986 9987 9993 10001 10007 10006 9996 9978 9955 9934 9920 9919
3848.2559 9932 9955 9983 10010 10033 10052 10069 10081 10080 10053 9999 9945
3854.0413 9924 9942 9974 10001 10008 9991 9956 9917 9889 9880 9890 9910 9937
3860.3086 9967 9999 10030 10052 10057 10042 10006 9958 9910 9878 9873 9890
3866.0940 9914 9935 9948 9955 9956 9956 9961 9975 9992 9999 9989 9964 9931
3872.3616 9899 9880 9883 9909 9948 9984 10005 10012 10012 10009 10008 10006
3878.1470 10002 9994 9981 9968 9962 9964 9974 9985 9994 10002 10008 10015
3883.9324 10024 10035 10046 10052 10048 10035 10018 10006 10000 10000 10002
3889.2356 9999 9989 9976 9965 9963 9967 9966 9954 9934 9917 9915 9935 9973
3895.5032 10016 10048 10061 10057 10041 10021 10005 9998 10003 10016 10034
3900.8064 10047 10048 10029 9989 9939 9894 9868 9868 9892 9932 9977 10019
3906.5918 10050 10064 10059 10034 9997 9960 9936 9930 9941 9958 9975 9989
3912.3772 10006 10030 10061 10092 10111 10108 10081 10037 9986 9945 9921 9916
3918.1626 9927 9946 9968 9985 9994 9993 9988 9986 9989 9998 10004 10003 9993
3924.4302 9981 9976 9982 9997 10012 10018 10010 9990 9964 9941 9929 9931 9945
3930.6978 9966 9990 10009 10020 10019 10007 9990 9973 9963 9963 9972 9986 9999
3936.9653 10007 10007 10001 9991 9984 9985 9996 10016 10040 10060 10065 10052
3942.7507 10028 10005 9994 9998 10009 10019 10020 10010 9995 9984 9982 9991
3948.5361 10006 10021 10028 10023 10006 9985 9966 9959 9965 9981 10001 10018
3954.3215 10028 10031 10032 10032 10034 10039 10043 10046 10045 10037 10020
3959.6248 9995 9966 9938 9916 9905 9906 9916 9931 9947 9962 9976 9993 10016
3965.8923 10044 10072 10091 10097 10089 10073 10056 10043 10035 10028 10021
3971.1956 10017 10018 10025 10033 10034 10026 10009 9994 9987 9992 10003 10011
3976.9810 10011 10004 9997 9996 10004 10018 10030 10033 10025 10006 9983 9964
3982.7664 9953 9953 9962 9975 9989 10002 10015 10029 10045 10059 10068 10066
3988.5518 10051 10024 9988 9952 9923 9909 9915 9917 9926 9931 9920 9892 9853
3994.8193 9814 9784 9768 9762 9761 9763 9765 9770 9775 9775 9762 9735
##END= 
