##TITLE= VV-MA-7
##JCAMP-DX= 4.24
##DATA TYPE= INFRARED SPECTRUM
##ORIGIN= JASCO
##OWNER= 
##DATE= 18/05/14
##TIME= 10:43:11
##SPECTROMETER/DATA SYSTEM= 
##RESOLUTION= 
##DELTAX=   0.48211674
##XUNITS= 1/CM
##YUNITS= TRANSMITTANCE
##XFACTOR= 1.00000
##YFACTOR= 0.0001
##FIRSTX=   649.8934
##LASTX=  4000.1226
##NPOINTS=     6950
##FIRSTY=      0.81041
##MAXY=      1.08974
##MINY=      0.67893
##XYDATA= (X++(Y..Y))
649.8934 8104 8074 7968 7825 7694 7606 7556 7521 7481 7442 7427 7459 7535 7622
656.6430 7678 7675 7617 7530 7446 7385 7353 7351 7377 7424 7479 7522 7532 7499
663.3926 7426 7329 7226 7133 7063 7028 7045 7139 7336 7583 7624 7323 6995 6823
670.1423 6789 6846 6952 7069 7165 7223 7251 7271 7300 7336 7363 7363 7333 7288
676.8919 7254 7254 7297 7376 7475 7576 7661 7716 7730 7700 7633 7554 7493 7476
683.6415 7513 7589 7674 7742 7781 7805 7832 7876 7935 7991 8027 8042 8046 8060
690.3912 8092 8136 8174 8193 8193 8195 8230 8315 8438 8573 8686 8753 8764 8728
697.1408 8664 8596 8547 8532 8558 8624 8719 8827 8930 9014 9078 9129 9176 9224
703.8904 9272 9311 9337 9347 9346 9339 9329 9315 9295 9272 9246 9216 9179 9131
710.6401 9074 9016 8968 8936 8919 8910 8904 8908 8935 9000 9119 9263 9418 9554
717.3897 9647 9690 9690 9665 9634 9612 9604 9608 9613 9611 9592 9556 9506 9448
724.1393 9387 9324 9253 9168 9069 8961 8856 8764 8690 8630 8579 8530 8489 8460
730.8890 8452 8461 8479 8495 8506 8514 8530 8561 8604 8648 8680 8689 8674 8641
737.6386 8596 8542 8480 8410 8336 8266 8212 8179 8166 8165 8166 8159 8146 8132
744.3882 8126 8136 8163 8204 8251 8301 8354 8419 8505 8613 8738 8860 8961 9029
751.1379 9066 9088 9112 9152 9208 9272 9334 9383 9418 9440 9455 9465 9470 9468
757.8875 9456 9437 9416 9403 9404 9420 9447 9472 9487 9488 9480 9470 9470 9481
764.6371 9499 9511 9506 9476 9427 9373 9332 9314 9321 9342 9363 9376 9380 9381
771.3868 9379 9370 9344 9294 9226 9158 9112 9099 9117 9147 9165 9160 9134 9099
778.1364 9071 9055 9049 9041 9025 8996 8957 8914 8869 8823 8777 8730 8683 8638
784.8860 8594 8550 8501 8441 8362 8262 8142 8015 7894 7792 7711 7646 7582 7501
791.6357 7397 7274 7148 7037 6953 6897 6860 6836 6820 6819 6846 6910 7015 7156
798.3853 7318 7489 7654 7806 7943 8071 8198 8328 8465 8603 8735 8852 8953 9037
805.1349 9108 9167 9211 9238 9250 9252 9256 9270 9297 9330 9360 9380 9393 9409
811.8846 9437 9479 9529 9569 9583 9566 9526 9481 9449 9441 9458 9491 9528 9560
818.6342 9581 9592 9594 9590 9579 9563 9545 9533 9535 9555 9590 9631 9662 9673
825.3839 9664 9642 9621 9609 9607 9612 9622 9636 9652 9671 9687 9694 9690 9676
832.1335 9661 9651 9652 9661 9677 9696 9713 9725 9728 9718 9692 9654 9611 9575
838.8831 9556 9561 9590 9635 9682 9717 9728 9712 9677 9633 9592 9556 9518 9468
845.6328 9396 9300 9191 9081 8983 8899 8825 8754 8680 8607 8544 8502 8484 8487
852.3824 8503 8527 8557 8596 8649 8713 8781 8837 8868 8868 8837 8785 8723 8666
859.1320 8619 8580 8535 8467 8360 8212 8038 7868 7732 7649 7625 7652 7718 7816
865.8817 7948 8112 8306 8512 8712 8886 9031 9152 9263 9369 9470 9557 9622 9664
872.6313 9689 9704 9720 9741 9771 9809 9850 9891 9923 9940 9941 9929 9911 9897
879.3809 9892 9898 9914 9939 9970 10000 10025 10042 10049 10052 10054 10063
885.1663 10080 10105 10132 10155 10170 10173 10163 10146 10126 10108 10094
890.4696 10084 10073 10061 10048 10039 10037 10043 10056 10073 10093 10114
895.7729 10134 10149 10156 10151 10137 10117 10097 10078 10061 10046 10034
901.0762 10032 10042 10067 10103 10142 10174 10193 10191 10168 10126 10069
906.3795 10008 9953 9916 9902 9911 9935 9964 9990 10009 10026 10046 10071
912.1649 10097 10114 10115 10102 10085 10077 10085 10110 10142 10169 10182
917.4681 10181 10172 10160 10150 10145 10146 10151 10160 10174 10187 10197
922.7714 10200 10195 10184 10170 10160 10156 10162 10178 10200 10223 10241
928.0747 10249 10246 10237 10228 10223 10223 10228 10233 10234 10228 10216
933.3780 10201 10187 10177 10175 10182 10194 10209 10221 10225 10222 10213
938.6813 10202 10194 10189 10187 10184 10179 10173 10165 10157 10148 10142
943.9846 10140 10146 10161 10183 10204 10213 10206 10183 10154 10127 10111
949.2878 10106 10107 10108 10106 10099 10090 10080 10074 10073 10081 10096
954.5911 10113 10127 10130 10120 10099 10072 10049 10033 10027 10028 10033
959.8944 10038 10039 10033 10020 10001 9977 9952 9930 9911 9896 9885 9877 9868
966.1619 9855 9838 9815 9791 9768 9750 9737 9727 9719 9716 9723 9744 9782 9831
972.9116 9881 9924 9957 9983 10009 10042 10082 10122 10155 10176 10187 10191
978.6970 10194 10198 10200 10197 10187 10171 10154 10142 10138 10141 10148
984.0002 10154 10154 10147 10136 10121 10106 10091 10078 10068 10062 10061
989.3035 10063 10069 10078 10089 10103 10115 10123 10124 10116 10099 10078
994.6068 10055 10032 10012 9992 9974 9959 9949 9947 9950 9953 9952 9943 9928
1000.8743 9912 9902 9898 9899 9896 9884 9863 9838 9817 9803 9795 9784 9761
1007.1418 9723 9675 9627 9590 9567 9555 9544 9525 9493 9450 9401 9350 9301
1013.4094 9253 9205 9152 9088 9012 8926 8836 8752 8682 8627 8586 8551 8516
1019.6769 8477 8433 8382 8321 8248 8162 8066 7969 7879 7804 7748 7709 7688
1025.9445 7687 7708 7754 7822 7906 7996 8083 8161 8230 8293 8358 8428 8505
1032.2119 8593 8693 8806 8933 9072 9217 9362 9499 9622 9729 9819 9894 9955
1038.4795 10003 10042 10075 10107 10142 10181 10223 10261 10290 10304 10303
1043.7827 10291 10274 10258 10247 10243 10244 10250 10260 10274 10293 10314
1049.0861 10333 10346 10352 10350 10339 10322 10301 10280 10266 10264 10277
1054.3893 10302 10331 10356 10371 10378 10379 10379 10377 10371 10359 10340
1059.6926 10319 10300 10286 10275 10263 10249 10237 10231 10235 10247 10262
1064.9958 10275 10280 10278 10273 10269 10268 10270 10272 10272 10267 10259
1070.2992 10250 10242 10240 10243 10248 10252 10250 10244 10235 10228 10228
1075.6024 10233 10240 10244 10240 10226 10206 10187 10174 10170 10174 10184
1080.9058 10197 10209 10219 10223 10221 10212 10199 10189 10183 10182 10179
1086.2090 10169 10147 10116 10083 10056 10038 10031 10029 10029 10027 10023
1091.5123 10015 10006 9995 9980 9963 9939 9907 9866 9815 9752 9680 9600 9514
1097.7798 9426 9340 9259 9189 9134 9094 9074 9075 9098 9143 9207 9282 9361
1104.0474 9441 9520 9601 9686 9772 9856 9930 9989 10030 10054 10065 10067
1109.8328 10064 10058 10050 10045 10043 10048 10056 10065 10071 10072 10069
1115.1360 10067 10068 10073 10081 10087 10089 10086 10080 10075 10075 10078
1120.4393 10081 10080 10070 10055 10040 10030 10026 10027 10028 10023 10011
1125.7426 9993 9973 9954 9937 9923 9911 9900 9888 9876 9863 9851 9838 9826
1132.0101 9813 9797 9778 9756 9731 9707 9685 9663 9641 9618 9592 9564 9536
1138.2776 9508 9480 9451 9420 9388 9356 9326 9299 9275 9253 9231 9211 9194
1144.5452 9181 9176 9179 9188 9198 9204 9201 9189 9169 9144 9116 9089 9064
1150.8126 9044 9029 9021 9016 9013 9006 8996 8985 8976 8976 8990 9020 9067
1157.0802 9133 9214 9304 9397 9482 9553 9607 9647 9680 9711 9740 9764 9776
1163.3477 9771 9752 9723 9694 9669 9650 9631 9608 9576 9533 9483 9429 9373
1169.6152 9312 9242 9160 9064 8957 8850 8754 8682 8645 8646 8682 8743 8815
1175.8827 8884 8940 8975 8985 8970 8938 8896 8859 8841 8851 8894 8967 9062
1182.1503 9167 9270 9363 9442 9503 9548 9579 9601 9616 9626 9631 9628 9618
1188.4177 9600 9579 9558 9540 9524 9509 9493 9475 9459 9444 9434 9425 9416
1194.6853 9404 9386 9364 9338 9311 9285 9258 9231 9202 9170 9134 9097 9058
1200.9528 9023 8992 8966 8942 8918 8892 8861 8826 8787 8744 8696 8645 8589
1207.2203 8529 8468 8405 8340 8276 8212 8148 8085 8023 7959 7894 7828 7764
1213.4878 7705 7655 7616 7587 7568 7556 7547 7541 7538 7537 7542 7551 7567
1219.7554 7589 7616 7648 7685 7728 7778 7833 7894 7957 8022 8083 8138 8184
1226.0228 8220 8246 8263 8275 8281 8285 8284 8280 8272 8259 8242 8222 8201
1232.2904 8182 8168 8163 8171 8194 8232 8283 8345 8415 8494 8580 8676 8781
1238.5579 8892 9007 9122 9236 9346 9453 9556 9652 9739 9814 9880 9936 9986
1244.8254 10029 10068 10100 10126 10146 10160 10167 10171 10172 10174 10178
1250.1287 10184 10191 10196 10198 10196 10190 10181 10169 10155 10141 10126
1255.4320 10113 10099 10085 10068 10046 10018 9984 9945 9902 9858 9813 9768
1261.2174 9722 9675 9626 9573 9515 9452 9384 9310 9232 9153 9073 8997 8929
1267.4849 8873 8836 8821 8829 8861 8911 8976 9053 9138 9229 9322 9411 9493
1273.7524 9564 9624 9673 9713 9746 9773 9794 9810 9820 9825 9827 9829 9833
1280.0199 9839 9846 9850 9846 9833 9812 9787 9761 9735 9709 9682 9650 9612
1286.2875 9569 9520 9468 9413 9358 9304 9252 9201 9150 9100 9048 8994 8937
1292.5549 8879 8821 8767 8722 8694 8688 8709 8762 8844 8952 9079 9216 9355
1298.8225 9489 9615 9729 9831 9920 9997 10062 10115 10157 10189 10212 10228
1304.6079 10239 10246 10249 10251 10255 10260 10269 10279 10290 10298 10304
1309.9111 10307 10308 10307 10304 10302 10299 10296 10294 10291 10288 10284
1315.2145 10281 10279 10279 10278 10275 10270 10261 10251 10242 10236 10232
1320.5177 10229 10225 10218 10210 10203 10198 10199 10203 10209 10214 10215
1325.8210 10212 10206 10198 10189 10178 10167 10155 10145 10140 10139 10140
1331.1243 10142 10141 10135 10126 10116 10107 10102 10100 10098 10095 10089
1336.4276 10082 10076 10071 10071 10074 10081 10089 10097 10102 10102 10099
1341.7308 10091 10081 10070 10059 10051 10049 10051 10057 10064 10069 10071
1347.0342 10069 10066 10064 10065 10068 10071 10072 10071 10067 10061 10054
1352.3374 10046 10038 10032 10030 10033 10037 10042 10042 10037 10029 10019
1357.6407 10012 10009 10009 10011 10014 10019 10023 10027 10030 10030 10027
1362.9440 10020 10012 10004 9994 9985 9974 9965 9958 9954 9953 9955 9956 9954
1369.2115 9950 9944 9937 9931 9923 9915 9905 9895 9888 9885 9887 9892 9893
1375.4790 9888 9879 9868 9858 9851 9847 9842 9837 9830 9822 9814 9808 9803
1381.7466 9797 9789 9778 9765 9751 9740 9732 9730 9731 9736 9739 9737 9728
1388.0140 9713 9695 9677 9660 9646 9633 9620 9610 9600 9593 9587 9582 9578
1394.2816 9572 9561 9546 9527 9507 9488 9470 9454 9436 9415 9394 9372 9352
1400.5491 9331 9309 9285 9258 9229 9202 9176 9150 9121 9085 9041 8994 8946
1406.8167 8899 8852 8802 8749 8693 8636 8580 8528 8480 8438 8401 8370 8342
1413.0841 8318 8296 8278 8264 8256 8258 8272 8297 8335 8384 8454 8553 8686
1419.3517 8830 8944 9014 9053 9077 9098 9119 9137 9147 9140 9117 9082 9044
1425.6191 9003 8959 8910 8857 8799 8738 8679 8623 8575 8542 8526 8527 8542
1431.8867 8564 8584 8595 8588 8563 8526 8479 8425 8357 8273 8187 8126 8102
1438.1542 8114 8158 8232 8336 8462 8596 8720 8820 8893 8937 8957 8952 8924
1444.4218 8877 8816 8749 8681 8612 8540 8461 8375 8290 8215 8155 8107 8065
1450.6892 8024 7981 7934 7884 7835 7786 7740 7697 7658 7624 7601 7594 7607
1456.9568 7637 7669 7691 7701 7706 7709 7711 7714 7720 7731 7749 7774 7808
1463.2242 7855 7921 8011 8116 8211 8274 8305 8313 8311 8303 8290 8276 8264
1469.4918 8261 8270 8295 8338 8401 8481 8563 8622 8651 8660 8662 8659 8650
1475.7593 8629 8594 8548 8497 8446 8399 8356 8318 8284 8257 8233 8208 8180
1482.0269 8146 8109 8068 8027 7987 7949 7913 7881 7852 7826 7803 7783 7765
1488.2943 7752 7749 7762 7802 7865 7935 8000 8064 8135 8220 8317 8421 8529
1494.5619 8641 8767 8917 9080 9230 9343 9420 9477 9528 9579 9626 9664 9694
1500.8293 9717 9733 9739 9734 9720 9700 9680 9665 9653 9642 9627 9605 9588
1507.0969 9581 9576 9562 9536 9505 9471 9440 9412 9384 9355 9322 9288 9254
1513.3644 9222 9192 9165 9141 9118 9090 9049 8984 8905 8830 8771 8726 8691
1519.6320 8660 8626 8584 8527 8464 8408 8361 8321 8286 8254 8221 8185 8143
1525.8994 8099 8057 8019 7987 7959 7934 7913 7894 7877 7861 7846 7833 7827
1532.1670 7831 7852 7892 7941 7981 8004 8014 8020 8026 8035 8048 8066 8093
1538.4344 8138 8206 8283 8331 8344 8347 8364 8398 8442 8485 8521 8553 8589
1544.7020 8630 8676 8717 8749 8774 8797 8824 8858 8902 8958 9024 9093 9155
1550.9695 9206 9247 9283 9323 9373 9442 9529 9618 9686 9728 9753 9774 9798
1557.2371 9829 9872 9936 10028 10124 10184 10214 10227 10232 10233 10233 10234
1563.0225 10235 10236 10235 10234 10234 10238 10243 10249 10255 10260 10267
1568.3257 10280 10300 10323 10336 10334 10321 10305 10289 10275 10263 10251
1573.6290 10240 10229 10222 10219 10224 10237 10247 10248 10240 10228 10214
1578.9323 10198 10181 10163 10145 10127 10112 10098 10085 10073 10059 10045
1584.2356 10029 10012 9994 9974 9954 9932 9910 9887 9862 9834 9803 9766 9724
1590.5031 9675 9623 9569 9515 9462 9410 9357 9304 9249 9194 9143 9097 9058
1596.7706 9027 9005 8993 8990 8995 9009 9029 9054 9083 9115 9148 9181 9215
1603.0381 9251 9290 9332 9375 9417 9455 9488 9515 9535 9553 9570 9591 9614
1609.3057 9637 9657 9671 9680 9686 9691 9697 9702 9707 9710 9714 9720 9730
1615.5731 9747 9766 9778 9774 9759 9745 9735 9730 9728 9727 9726 9726 9727
1621.8407 9731 9739 9748 9754 9754 9751 9748 9749 9755 9766 9781 9798 9816
1628.1082 9832 9842 9848 9851 9852 9855 9859 9866 9873 9880 9885 9889 9893
1634.3757 9901 9914 9930 9939 9937 9930 9924 9921 9920 9922 9925 9928 9931
1640.6433 9934 9937 9939 9939 9937 9932 9927 9922 9918 9916 9915 9914 9911
1646.9108 9904 9893 9878 9858 9836 9812 9789 9768 9751 9739 9735 9741 9753
1653.1783 9739 9694 9651 9617 9589 9560 9529 9493 9454 9414 9372 9330 9287
1659.4458 9243 9197 9150 9102 9052 8995 8928 8853 8778 8710 8648 8590 8532
1665.7134 8477 8427 8383 8348 8322 8304 8293 8284 8273 8257 8237 8215 8190
1671.9808 8165 8141 8118 8099 8086 8085 8101 8131 8161 8183 8200 8217 8238
1678.2484 8264 8299 8343 8397 8459 8521 8577 8622 8657 8686 8722 8799 8956
1684.5159 9139 9263 9333 9385 9437 9496 9565 9643 9724 9801 9866 9917 9957
1690.7834 9991 10023 10055 10086 10115 10139 10157 10171 10181 10195 10215
1696.0867 10240 10258 10268 10271 10272 10273 10278 10295 10324 10350 10357
1701.3900 10356 10356 10358 10360 10363 10363 10363 10365 10371 10385 10402
1706.6932 10419 10432 10440 10445 10450 10456 10464 10471 10474 10473 10467
1711.9966 10458 10448 10439 10435 10441 10458 10480 10500 10512 10516 10515
1717.2998 10513 10512 10514 10516 10516 10514 10511 10505 10499 10492 10486
1722.6031 10482 10483 10489 10499 10508 10514 10514 10511 10506 10503 10504
1727.9064 10509 10513 10514 10510 10504 10498 10496 10497 10499 10502 10507
1733.2097 10515 10528 10542 10552 10559 10565 10567 10567 10562 10553 10541
1738.5129 10529 10522 10522 10530 10539 10545 10547 10547 10544 10541 10539
1743.8163 10539 10541 10545 10551 10558 10563 10565 10561 10554 10547 10544
1749.1195 10546 10550 10554 10557 10559 10562 10565 10569 10570 10569 10565
1754.4229 10560 10557 10556 10559 10565 10571 10574 10573 10569 10564 10558
1759.7261 10553 10549 10549 10554 10561 10569 10572 10572 10567 10560 10551
1765.0294 10542 10534 10528 10522 10518 10515 10514 10513 10512 10509 10504
1770.3326 10499 10494 10494 10500 10512 10522 10528 10531 10530 10529 10526
1775.6360 10524 10523 10521 10519 10515 10511 10506 10502 10500 10502 10507
1780.9392 10514 10521 10526 10530 10530 10528 10525 10522 10522 10524 10527
1786.2426 10528 10526 10521 10516 10512 10512 10514 10517 10520 10520 10519
1791.5458 10516 10514 10514 10516 10520 10525 10531 10537 10543 10548 10551
1796.8491 10552 10550 10546 10540 10532 10523 10514 10508 10505 10506 10511
1802.1523 10517 10522 10524 10520 10512 10502 10493 10488 10487 10489 10491
1807.4557 10488 10481 10472 10464 10460 10460 10464 10468 10470 10471 10471
1812.7589 10471 10472 10473 10473 10472 10468 10462 10454 10445 10439 10438
1818.0623 10446 10462 10484 10506 10523 10531 10531 10524 10515 10506 10500
1823.3655 10494 10491 10489 10489 10493 10498 10500 10500 10497 10494 10492
1828.6688 10496 10505 10516 10523 10525 10523 10520 10517 10515 10511 10506
1833.9720 10499 10493 10489 10489 10494 10503 10513 10522 10527 10526 10520
1839.2754 10509 10496 10484 10477 10475 10480 10488 10500 10513 10523 10525
1844.5786 10518 10505 10493 10485 10481 10481 10485 10491 10496 10497 10495
1849.8820 10492 10490 10491 10498 10509 10520 10529 10532 10530 10522 10513
1855.1852 10504 10497 10490 10485 10478 10472 10467 10464 10463 10463 10466
1860.4885 10473 10483 10497 10511 10522 10528 10530 10529 10529 10528 10524
1865.7917 10515 10498 10478 10460 10453 10460 10480 10503 10518 10521 10513
1871.0951 10499 10483 10470 10463 10464 10475 10492 10511 10528 10540 10546
1876.3983 10545 10539 10529 10515 10499 10482 10467 10456 10449 10449 10455
1881.7017 10466 10481 10495 10505 10511 10511 10509 10504 10498 10490 10481
1887.0049 10474 10471 10473 10479 10487 10493 10495 10496 10499 10504 10509
1892.3082 10514 10516 10516 10513 10509 10502 10492 10481 10471 10467 10468
1897.6115 10472 10475 10476 10471 10464 10457 10453 10450 10449 10450 10455
1902.9148 10464 10477 10491 10501 10503 10499 10490 10480 10468 10457 10445
1908.2180 10434 10425 10424 10434 10453 10477 10499 10510 10509 10496 10477
1913.5214 10460 10450 10448 10450 10452 10452 10450 10449 10451 10457 10466
1918.8246 10473 10475 10472 10466 10459 10453 10453 10458 10467 10476 10482
1924.1279 10483 10482 10482 10482 10482 10479 10473 10463 10453 10447 10448
1929.4312 10454 10465 10474 10479 10479 10474 10467 10461 10460 10463 10471
1934.7345 10480 10489 10496 10498 10496 10489 10477 10464 10452 10443 10440
1940.0377 10442 10447 10453 10459 10464 10468 10470 10469 10465 10456 10446
1945.3411 10435 10427 10423 10420 10419 10419 10422 10429 10439 10451 10459
1950.6443 10458 10449 10432 10412 10394 10380 10373 10375 10386 10404 10424
1955.9476 10442 10453 10455 10449 10438 10427 10421 10423 10436 10456 10479
1961.2509 10496 10502 10498 10487 10475 10465 10457 10446 10435 10425 10423
1966.5542 10432 10450 10469 10481 10483 10477 10467 10461 10459 10462 10470
1971.8574 10480 10489 10495 10494 10484 10467 10447 10427 10410 10399 10393
1977.1608 10393 10400 10414 10431 10446 10455 10457 10452 10445 10438 10433
1982.4640 10429 10430 10437 10450 10465 10476 10477 10467 10451 10436 10430
1987.7673 10434 10444 10454 10458 10457 10451 10443 10435 10427 10420 10417
1993.0706 10419 10424 10428 10427 10421 10412 10406 10407 10416 10432 10450
1998.3739 10465 10473 10473 10463 10444 10421 10400 10387 10384 10389 10395
2003.6771 10397 10395 10392 10396 10407 10420 10428 10424 10408 10389 10377
2008.9805 10378 10393 10414 10434 10448 10454 10453 10448 10439 10427 10413
2014.2837 10398 10386 10379 10379 10388 10405 10426 10448 10465 10476 10478
2019.5870 10475 10466 10456 10445 10434 10423 10413 10408 10407 10409 10409
2024.8903 10406 10399 10393 10392 10401 10416 10432 10441 10437 10424 10409
2030.1936 10397 10393 10396 10400 10401 10401 10401 10406 10416 10428 10440
2035.4968 10447 10453 10460 10469 10479 10484 10480 10462 10432 10399 10369
2040.8002 10352 10353 10369 10393 10416 10429 10431 10423 10412 10403 10398
2046.1034 10399 10404 10413 10429 10448 10468 10483 10490 10485 10472 10456
2051.4067 10442 10433 10432 10438 10449 10458 10463 10459 10449 10436 10425
2056.7100 10423 10431 10446 10462 10474 10476 10469 10454 10436 10421 10413
2062.0132 10411 10415 10421 10425 10424 10417 10409 10404 10409 10426 10453
2067.3167 10481 10502 10506 10490 10458 10422 10394 10383 10392 10416 10444
2072.6199 10466 10478 10479 10475 10471 10468 10464 10456 10445 10431 10420
2077.9231 10414 10415 10423 10435 10450 10464 10474 10476 10467 10451 10431
2083.2263 10416 10410 10413 10420 10425 10424 10417 10409 10407 10416 10434
2088.5298 10457 10477 10490 10493 10489 10481 10474 10469 10466 10463 10459
2093.8330 10455 10451 10445 10436 10425 10414 10406 10406 10415 10429 10443
2099.1362 10452 10451 10443 10433 10427 10429 10438 10451 10464 10473 10474
2104.4395 10469 10457 10442 10428 10417 10415 10422 10438 10457 10471 10475
2109.7429 10465 10445 10422 10406 10402 10409 10422 10435 10443 10446 10445
2115.0461 10443 10442 10440 10436 10430 10424 10423 10428 10439 10453 10463
2120.3494 10467 10464 10457 10447 10438 10429 10421 10414 10409 10407 10408
2125.6526 10414 10423 10432 10441 10446 10448 10446 10441 10435 10430 10427
2130.9561 10425 10422 10419 10417 10420 10428 10442 10458 10471 10477 10475
2136.2593 10466 10455 10446 10443 10446 10454 10462 10465 10459 10447 10434
2141.5625 10424 10423 10428 10436 10442 10443 10440 10436 10432 10429 10428
2146.8657 10431 10439 10451 10465 10475 10477 10469 10454 10437 10422 10410
2152.1692 10400 10392 10385 10382 10384 10391 10401 10410 10418 10425 10433
2157.4724 10442 10452 10460 10463 10462 10457 10449 10439 10429 10421 10418
2162.7756 10419 10423 10424 10418 10404 10386 10371 10366 10375 10395 10420
2168.0789 10443 10458 10462 10456 10445 10433 10427 10428 10438 10449 10458
2173.3823 10459 10451 10440 10434 10438 10452 10470 10482 10479 10459 10430
2178.6855 10401 10381 10373 10374 10377 10374 10365 10352 10341 10339 10349
2183.9888 10367 10389 10409 10424 10433 10439 10441 10438 10428 10409 10389
2189.2920 10376 10379 10402 10436 10468 10485 10484 10468 10446 10428 10414
2194.5955 10401 10387 10372 10363 10365 10382 10411 10442 10466 10476 10470
2199.8987 10455 10437 10425 10422 10430 10444 10459 10469 10471 10466 10455
2205.2019 10444 10434 10426 10422 10420 10420 10423 10427 10430 10431 10427
2210.5051 10420 10413 10410 10412 10421 10432 10441 10445 10445 10444 10445
2215.8086 10450 10457 10465 10471 10476 10481 10485 10489 10489 10484 10474
2221.1118 10460 10446 10435 10430 10429 10430 10428 10422 10410 10397 10389
2226.4150 10390 10401 10418 10434 10447 10455 10462 10469 10475 10477 10471
2231.7183 10458 10442 10429 10421 10414 10404 10388 10370 10356 10356 10372
2237.0217 10401 10434 10461 10475 10476 10468 10456 10444 10433 10424 10416
2242.3250 10411 10411 10416 10425 10436 10446 10451 10451 10444 10434 10423
2247.6282 10416 10414 10418 10429 10441 10448 10448 10436 10418 10397 10382
2252.9314 10377 10383 10397 10413 10426 10432 10433 10430 10428 10430 10436
2258.2349 10446 10455 10458 10455 10446 10437 10433 10439 10453 10470 10486
2263.5381 10493 10492 10483 10470 10455 10442 10431 10424 10420 10423 10432
2268.8413 10449 10471 10491 10505 10506 10496 10477 10456 10437 10426 10424
2274.1445 10430 10443 10459 10474 10486 10490 10487 10475 10459 10442 10429
2279.4480 10424 10429 10444 10465 10487 10503 10508 10501 10483 10460 10439
2284.7512 10424 10417 10417 10421 10425 10429 10432 10434 10436 10437 10438
2290.0544 10440 10443 10449 10454 10457 10457 10452 10447 10444 10445 10449
2295.3577 10451 10450 10444 10436 10431 10430 10434 10439 10442 10442 10438
2300.6611 10434 10433 10434 10437 10439 10437 10431 10421 10411 10405 10404
2305.9644 10407 10411 10412 10409 10402 10396 10396 10405 10421 10441 10460
2311.2676 10476 10484 10484 10475 10456 10432 10408 10389 10379 10379 10386
2316.5708 10397 10409 10423 10438 10448 10448 10431 10395 10351 10311 10291
2321.8743 10295 10317 10342 10358 10360 10352 10345 10346 10354 10367 10378
2327.1775 10382 10382 10380 10381 10387 10399 10413 10428 10442 10454 10460
2332.4807 10459 10448 10430 10412 10398 10393 10397 10407 10418 10423 10423
2337.7839 10421 10424 10435 10456 10483 10509 10531 10544 10548 10542 10525
2343.0874 10496 10457 10414 10377 10356 10354 10369 10391 10410 10421 10422
2348.3906 10416 10407 10399 10396 10402 10420 10447 10475 10497 10507 10505
2353.6938 10495 10483 10472 10466 10469 10482 10505 10534 10553 10544 10497
2358.9971 10412 10309 10214 10152 10133 10153 10199 10258 10318 10366 10397
2364.3005 10405 10394 10372 10352 10344 10351 10368 10387 10400 10406 10405
2369.6038 10400 10390 10376 10361 10349 10351 10370 10404 10444 10478 10496
2374.9070 10496 10482 10463 10443 10427 10417 10413 10417 10427 10444 10463
2380.2102 10482 10498 10510 10518 10524 10526 10521 10509 10490 10468 10447
2385.5137 10434 10431 10440 10456 10475 10490 10501 10505 10505 10500 10492
2390.8169 10480 10466 10453 10446 10446 10453 10465 10477 10486 10489 10486
2396.1201 10477 10467 10458 10455 10457 10465 10473 10479 10480 10475 10467
2401.4233 10459 10453 10450 10450 10452 10455 10458 10460 10461 10461 10460
2406.7268 10458 10457 10458 10459 10463 10469 10477 10486 10492 10494 10490
2412.0300 10481 10471 10463 10462 10468 10480 10493 10504 10508 10501 10486
2417.3333 10465 10442 10424 10413 10412 10421 10435 10452 10466 10475 10475
2422.6365 10468 10457 10445 10437 10438 10446 10459 10472 10480 10481 10475
2427.9399 10465 10455 10449 10447 10450 10455 10462 10468 10471 10471 10468
2433.2432 10463 10458 10455 10453 10452 10453 10453 10454 10455 10455 10454
2438.5464 10451 10446 10442 10441 10443 10448 10457 10466 10475 10481 10484
2443.8496 10482 10476 10468 10460 10456 10454 10454 10454 10452 10449 10446
2449.1531 10445 10447 10451 10454 10455 10451 10446 10442 10441 10443 10448
2454.4563 10453 10457 10457 10455 10452 10450 10449 10449 10450 10452 10454
2459.7595 10458 10465 10473 10483 10491 10495 10493 10487 10479 10473 10468
2465.0627 10465 10461 10454 10447 10440 10437 10441 10452 10468 10483 10495
2470.3662 10502 10503 10501 10498 10494 10491 10488 10484 10480 10478 10478
2475.6694 10479 10480 10477 10472 10464 10458 10454 10453 10455 10455 10453
2480.9727 10449 10445 10444 10449 10459 10472 10482 10487 10483 10472 10455
2486.2759 10439 10426 10419 10419 10425 10432 10439 10443 10446 10447 10449
2491.5793 10452 10454 10456 10458 10460 10463 10467 10469 10467 10462 10453
2496.8826 10443 10436 10432 10430 10429 10425 10421 10419 10421 10430 10443
2502.1858 10456 10464 10465 10460 10452 10448 10451 10461 10474 10486 10492
2507.4890 10489 10480 10466 10454 10445 10441 10444 10449 10457 10465 10470
2512.7925 10471 10467 10458 10445 10433 10423 10420 10424 10431 10439 10443
2518.0957 10443 10439 10434 10433 10438 10447 10459 10471 10480 10483 10480
2523.3989 10472 10461 10450 10441 10436 10436 10439 10444 10448 10450 10452
2528.7021 10455 10459 10466 10473 10478 10478 10473 10463 10453 10445 10441
2534.0056 10440 10440 10439 10439 10442 10448 10457 10465 10467 10460 10446
2539.3088 10432 10423 10424 10433 10447 10460 10468 10467 10460 10449 10439
2544.6121 10433 10434 10440 10450 10461 10469 10472 10471 10467 10461 10457
2549.9153 10456 10460 10469 10478 10484 10484 10476 10462 10447 10436 10431
2555.2188 10431 10433 10437 10441 10447 10455 10465 10472 10474 10468 10455
2560.5220 10441 10431 10428 10431 10437 10442 10446 10448 10450 10451 10450
2565.8252 10447 10441 10437 10436 10440 10448 10454 10455 10451 10446 10443
2571.1284 10445 10452 10461 10466 10468 10467 10465 10466 10468 10471 10471
2576.4319 10468 10464 10462 10463 10469 10476 10481 10481 10475 10466 10455
2581.7351 10447 10442 10440 10441 10443 10446 10450 10452 10455 10456 10456
2587.0383 10454 10450 10445 10441 10438 10438 10440 10444 10449 10453 10458
2592.3416 10461 10464 10464 10460 10454 10447 10441 10439 10441 10447 10455
2597.6450 10463 10469 10472 10473 10473 10471 10470 10470 10472 10475 10477
2602.9482 10477 10475 10470 10463 10458 10456 10457 10460 10464 10467 10467
2608.2515 10466 10465 10464 10465 10465 10464 10461 10458 10456 10456 10459
2613.5547 10464 10469 10472 10474 10474 10474 10474 10474 10473 10469 10463
2618.8582 10456 10451 10449 10451 10456 10460 10463 10464 10463 10462 10461
2624.1614 10461 10463 10465 10468 10470 10471 10469 10464 10459 10456 10456
2629.4646 10458 10461 10463 10461 10457 10455 10455 10459 10463 10466 10464
2634.7681 10459 10451 10445 10443 10444 10448 10451 10454 10456 10457 10459
2640.0713 10463 10468 10474 10480 10486 10491 10493 10494 10492 10488 10483
2645.3745 10478 10472 10465 10458 10451 10445 10442 10442 10442 10445 10448
2650.6777 10452 10456 10460 10462 10462 10460 10458 10457 10457 10457 10458
2655.9812 10459 10460 10462 10464 10465 10464 10463 10462 10463 10466 10471
2661.2844 10473 10473 10469 10464 10460 10459 10460 10462 10464 10465 10463
2666.5876 10462 10460 10459 10460 10463 10467 10472 10476 10480 10481 10480
2671.8909 10478 10476 10474 10471 10468 10464 10458 10452 10445 10442 10443
2677.1943 10449 10457 10466 10473 10476 10475 10472 10469 10466 10465 10464
2682.4976 10464 10465 10466 10469 10472 10473 10473 10470 10465 10460 10457
2687.8008 10457 10458 10460 10460 10457 10453 10449 10446 10446 10447 10449
2693.1040 10451 10452 10453 10454 10455 10457 10458 10459 10458 10456 10451
2698.4075 10445 10436 10428 10420 10414 10412 10414 10418 10424 10430 10437
2703.7107 10443 10448 10451 10452 10451 10449 10447 10445 10444 10444 10443
2709.0139 10441 10439 10436 10435 10436 10438 10440 10439 10436 10432 10429
2714.3171 10430 10434 10440 10446 10450 10449 10444 10437 10433 10431 10434
2719.6206 10438 10442 10442 10438 10433 10430 10433 10442 10453 10464 10469
2724.9238 10467 10460 10453 10446 10443 10441 10439 10437 10436 10437 10440
2730.2271 10444 10448 10450 10450 10449 10448 10449 10451 10454 10456 10456
2735.5303 10454 10449 10442 10435 10429 10427 10428 10432 10438 10442 10444
2740.8337 10442 10439 10438 10441 10446 10454 10460 10462 10459 10453 10445
2746.1370 10436 10430 10426 10424 10425 10427 10429 10431 10433 10434 10434
2751.4402 10433 10431 10428 10427 10427 10430 10434 10437 10438 10437 10432
2756.7434 10428 10426 10426 10429 10434 10438 10439 10438 10436 10434 10433
2762.0469 10434 10436 10437 10436 10434 10432 10430 10431 10432 10433 10434
2767.3501 10433 10431 10429 10427 10429 10434 10443 10452 10458 10459 10456
2772.6533 10448 10439 10430 10423 10418 10415 10414 10416 10420 10424 10428
2777.9565 10432 10438 10446 10453 10459 10461 10458 10453 10447 10441 10436
2783.2600 10433 10431 10431 10433 10436 10440 10444 10445 10445 10443 10440
2788.5632 10436 10432 10429 10428 10432 10441 10453 10463 10466 10461 10449
2793.8665 10435 10424 10418 10419 10424 10429 10431 10429 10425 10419 10415
2799.1697 10413 10412 10411 10409 10408 10407 10408 10410 10411 10410 10405
2804.4731 10397 10388 10381 10379 10382 10387 10394 10400 10403 10405 10406
2809.7764 10409 10414 10419 10422 10422 10421 10421 10422 10424 10425 10424
2815.0796 10420 10415 10411 10409 10410 10413 10416 10419 10421 10420 10417
2820.3828 10411 10403 10394 10387 10385 10388 10395 10404 10411 10412 10407
2825.6863 10395 10380 10364 10349 10337 10325 10315 10306 10298 10292 10288
2830.9895 10285 10281 10277 10272 10268 10266 10267 10270 10274 10280 10288
2836.2927 10298 10308 10318 10326 10333 10340 10347 10354 10363 10373 10383
2841.5959 10393 10401 10407 10410 10411 10411 10410 10411 10413 10418 10426
2846.8994 10435 10443 10446 10444 10436 10425 10415 10409 10407 10408 10411
2852.2026 10416 10422 10429 10437 10443 10445 10442 10436 10430 10426 10425
2857.5059 10427 10433 10440 10449 10457 10464 10467 10466 10461 10453 10446
2862.8091 10440 10438 10439 10440 10441 10439 10436 10431 10424 10418 10412
2868.1125 10408 10404 10403 10403 10405 10409 10412 10415 10415 10412 10406
2873.4158 10398 10390 10386 10386 10390 10395 10400 10403 10400 10393 10381
2878.7190 10365 10349 10334 10323 10317 10316 10319 10324 10328 10330 10330
2884.0222 10328 10326 10323 10320 10316 10311 10306 10302 10299 10298 10298
2889.3257 10301 10303 10304 10304 10302 10301 10303 10306 10311 10316 10318
2894.6289 10318 10316 10313 10310 10308 10306 10304 10301 10300 10302 10308
2899.9321 10317 10327 10336 10341 10341 10336 10329 10321 10317 10317 10320
2905.2354 10324 10329 10333 10337 10342 10349 10356 10360 10359 10351 10338
2910.5388 10325 10316 10314 10319 10329 10341 10352 10359 10364 10368 10372
2915.8420 10379 10387 10397 10405 10410 10411 10409 10405 10402 10400 10398
2921.1453 10397 10397 10396 10394 10392 10388 10381 10371 10362 10357 10358
2926.4485 10365 10377 10389 10398 10397 10388 10373 10355 10342 10336 10337
2931.7520 10344 10350 10353 10352 10348 10345 10343 10340 10334 10326 10318
2937.0552 10312 10311 10314 10319 10320 10317 10309 10302 10296 10296 10302
2942.3584 10313 10326 10338 10349 10357 10363 10369 10374 10378 10379 10374
2947.6616 10364 10353 10344 10341 10345 10352 10359 10363 10364 10364 10366
2952.9651 10371 10377 10381 10380 10373 10359 10342 10325 10311 10301 10295
2958.2683 10292 10291 10291 10291 10290 10290 10289 10288 10288 10289 10292
2963.5715 10299 10309 10320 10331 10337 10339 10340 10343 10349 10357 10365
2968.8748 10369 10370 10367 10363 10362 10363 10366 10370 10374 10379 10383
2974.1782 10387 10391 10394 10396 10398 10401 10404 10409 10413 10416 10417
2979.4814 10417 10416 10414 10412 10409 10404 10398 10393 10389 10390 10392
2984.7847 10395 10395 10390 10381 10374 10371 10376 10387 10398 10406 10406
2990.0879 10398 10385 10372 10361 10355 10355 10359 10364 10367 10368 10367
2995.3914 10365 10365 10364 10364 10364 10364 10364 10363 10358 10349 10333
3000.6946 10311 10287 10266 10251 10244 10243 10245 10247 10247 10247 10251
3005.9978 10263 10283 10309 10334 10351 10354 10345 10329 10312 10301 10297
3011.3010 10300 10306 10314 10321 10324 10320 10311 10295 10275 10258 10248
3016.6045 10247 10254 10265 10277 10285 10290 10293 10298 10307 10322 10339
3021.9077 10356 10369 10376 10379 10378 10377 10377 10377 10377 10374 10369
3027.2109 10362 10356 10351 10348 10345 10341 10336 10330 10326 10325 10328
3032.5142 10336 10348 10362 10375 10388 10397 10405 10410 10413 10416 10417
3037.8176 10417 10416 10413 10409 10404 10400 10397 10399 10406 10417 10430
3043.1208 10441 10446 10444 10437 10429 10422 10418 10419 10421 10425 10429
3048.4241 10433 10436 10437 10434 10428 10420 10411 10406 10405 10405 10406
3053.7273 10402 10396 10389 10385 10388 10395 10402 10406 10403 10395 10385
3059.0308 10378 10374 10375 10378 10381 10385 10387 10390 10391 10392 10390
3064.3340 10388 10383 10378 10370 10362 10353 10346 10344 10347 10355 10364
3069.6372 10373 10380 10384 10386 10387 10386 10383 10377 10371 10365 10364
3074.9404 10366 10371 10374 10374 10371 10366 10362 10363 10367 10375 10385
3080.2439 10395 10402 10405 10403 10397 10390 10386 10386 10392 10401 10409
3085.5471 10414 10412 10404 10393 10381 10372 10370 10375 10385 10395 10400
3090.8503 10397 10386 10374 10365 10365 10372 10382 10390 10393 10389 10383
3096.1536 10378 10377 10381 10388 10394 10397 10397 10391 10381 10367 10353
3101.4570 10342 10338 10344 10359 10380 10399 10410 10411 10403 10392 10383
3106.7603 10380 10382 10385 10385 10383 10379 10376 10375 10376 10378 10378
3112.0635 10376 10374 10375 10380 10387 10395 10400 10401 10399 10396 10393
3117.3667 10393 10394 10395 10394 10394 10393 10392 10391 10388 10380 10370
3122.6702 10358 10348 10344 10344 10348 10351 10351 10347 10341 10335 10331
3127.9734 10329 10326 10322 10318 10316 10321 10331 10344 10354 10357 10351
3133.2766 10339 10328 10321 10320 10324 10327 10328 10325 10319 10314 10313
3138.5798 10315 10319 10324 10326 10325 10322 10317 10313 10310 10310 10312
3143.8833 10315 10317 10318 10316 10311 10306 10301 10300 10303 10310 10318
3149.1865 10324 10324 10319 10307 10294 10282 10276 10276 10281 10287 10294
3154.4897 10299 10304 10310 10319 10328 10336 10338 10334 10325 10314 10302
3159.7930 10293 10287 10285 10286 10290 10294 10298 10301 10303 10305 10306
3165.0964 10308 10309 10309 10307 10305 10307 10312 10318 10325 10328 10331
3170.3997 10328 10327 10331 10341 10355 10365 10367 10357 10339 10318 10304
3175.7029 10302 10312 10327 10340 10342 10333 10316 10300 10290 10290 10297
3181.0061 10305 10310 10310 10304 10297 10293 10295 10302 10311 10316 10316
3186.3096 10308 10295 10280 10266 10254 10247 10245 10247 10252 10257 10259
3191.6128 10257 10255 10256 10261 10269 10276 10278 10272 10259 10243 10230
3196.9160 10224 10227 10236 10247 10255 10257 10253 10244 10233 10223 10215
3202.2192 10208 10203 10199 10198 10200 10203 10203 10200 10190 10178 10167
3207.5227 10160 10160 10166 10174 10182 10186 10185 10181 10176 10172 10171
3212.8259 10173 10177 10178 10178 10175 10170 10166 10162 10158 10152 10147
3218.1292 10142 10139 10138 10137 10133 10127 10120 10117 10120 10127 10136
3223.4324 10142 10144 10142 10138 10133 10127 10121 10112 10104 10098 10094
3228.7358 10092 10089 10082 10073 10062 10051 10044 10038 10035 10033 10035
3234.0391 10041 10050 10060 10067 10069 10066 10061 10058 10057 10060 10064
3239.3423 10072 10081 10091 10100 10103 10097 10082 10063 10046 10038 10039
3244.6455 10047 10056 10062 10066 10069 10073 10077 10080 10080 10077 10071
3249.9490 10066 10063 10060 10056 10051 10046 10043 10042 10043 10042 10038
3255.2522 10032 10025 10022 10022 10024 10025 10021 10012 10003 9996 9994 9997
3261.0376 10004 10010 10014 10015 10014 10014 10014 10016 10017 10015 10009
3266.3408 10000 9988 9976 9968 9967 9971 9979 9989 9997 10003 10008 10012
3272.1262 10014 10014 10010 10007 10006 10013 10028 10045 10059 10065 10062
3277.4294 10055 10049 10049 10057 10070 10083 10090 10090 10083 10072 10063
3282.7329 10059 10062 10072 10087 10103 10119 10133 10146 10155 10161 10162
3288.0361 10158 10153 10149 10149 10153 10159 10162 10161 10155 10145 10133
3293.3394 10120 10108 10099 10097 10103 10116 10132 10148 10158 10162 10161
3298.6426 10156 10151 10148 10147 10148 10150 10152 10153 10155 10157 10161
3303.9460 10168 10178 10191 10202 10206 10201 10187 10169 10154 10145 10143
3309.2493 10145 10144 10138 10127 10114 10103 10094 10087 10082 10077 10073
3314.5525 10073 10078 10087 10100 10115 10132 10147 10158 10161 10156 10145
3319.8557 10133 10125 10122 10124 10129 10134 10139 10145 10155 10170 10186
3325.1592 10199 10202 10192 10169 10140 10116 10103 10107 10127 10156 10190
3330.4624 10222 10251 10273 10291 10303 10312 10321 10333 10350 10367 10381
3335.7656 10387 10384 10373 10360 10349 10344 10345 10353 10367 10386 10404
3341.0688 10417 10421 10415 10403 10392 10385 10385 10390 10398 10408 10419
3346.3723 10433 10450 10466 10480 10489 10493 10491 10487 10480 10472 10464
3351.6755 10457 10453 10449 10444 10436 10424 10415 10413 10422 10441 10464
3356.9788 10485 10498 10504 10506 10509 10513 10518 10521 10518 10510 10498
3362.2820 10488 10483 10484 10493 10507 10521 10528 10524 10509 10487 10466
3367.5854 10452 10447 10445 10441 10431 10415 10400 10391 10389 10392 10398
3372.8887 10403 10409 10416 10424 10429 10426 10412 10387 10355 10321 10291
3378.1919 10266 10245 10229 10217 10210 10208 10210 10215 10217 10212 10197
3383.4951 10172 10138 10098 10055 10011 9971 9936 9908 9886 9867 9844 9814
3389.2805 9774 9730 9688 9655 9637 9634 9647 9672 9707 9750 9799 9851 9903
3395.5481 9956 10010 10066 10125 10184 10242 10295 10341 10378 10407 10429
3400.8513 10445 10456 10465 10472 10479 10485 10492 10501 10514 10533 10556
3406.1548 10579 10600 10613 10618 10615 10606 10596 10589 10588 10595 10605
3411.4580 10615 10618 10614 10601 10586 10574 10569 10572 10580 10590 10598
3416.7612 10603 10610 10620 10634 10650 10662 10666 10661 10652 10645 10645
3422.0645 10651 10658 10662 10659 10651 10641 10632 10625 10620 10619 10621
3427.3679 10627 10636 10647 10655 10657 10654 10646 10637 10629 10624 10622
3432.6711 10624 10628 10631 10634 10636 10640 10648 10661 10676 10689 10693
3437.9744 10686 10669 10648 10628 10614 10608 10611 10622 10639 10659 10677
3443.2776 10688 10692 10689 10683 10676 10670 10664 10659 10656 10658 10665
3448.5811 10676 10686 10692 10691 10682 10667 10653 10643 10639 10641 10646
3453.8843 10650 10648 10640 10630 10623 10624 10634 10651 10670 10682 10686
3459.1875 10680 10669 10654 10638 10623 10609 10600 10597 10601 10611 10623
3464.4907 10634 10644 10652 10661 10669 10676 10680 10680 10675 10666 10653
3469.7942 10640 10630 10625 10625 10629 10635 10639 10641 10640 10640 10642
3475.0974 10645 10649 10650 10646 10636 10621 10607 10598 10597 10601 10607
3480.4006 10611 10610 10606 10603 10606 10618 10635 10652 10663 10664 10655
3485.7039 10641 10629 10625 10630 10641 10650 10651 10641 10624 10605 10592
3491.0073 10591 10604 10631 10665 10697 10717 10720 10705 10681 10657 10644
3496.3105 10642 10647 10653 10656 10656 10656 10659 10665 10671 10674 10669
3501.6138 10655 10636 10617 10604 10600 10604 10613 10623 10629 10633 10635
3506.9170 10639 10647 10657 10665 10668 10662 10649 10632 10619 10613 10617
3512.2205 10629 10646 10661 10669 10669 10664 10658 10654 10654 10655 10655
3517.5237 10653 10650 10649 10650 10652 10653 10649 10640 10630 10623 10626
3522.8269 10640 10660 10679 10692 10696 10691 10681 10671 10664 10664 10674
3528.1301 10691 10710 10722 10721 10704 10674 10640 10611 10594 10591 10600
3533.4336 10617 10634 10646 10647 10637 10619 10603 10595 10597 10606 10618
3538.7368 10629 10638 10649 10662 10676 10688 10691 10685 10669 10646 10621
3544.0400 10597 10578 10568 10568 10578 10595 10611 10621 10622 10615 10603
3549.3433 10592 10586 10588 10600 10617 10635 10644 10643 10634 10621 10610
3554.6467 10600 10590 10579 10566 10557 10557 10566 10585 10609 10632 10652
3559.9500 10668 10682 10697 10711 10723 10729 10723 10704 10673 10636 10603
3565.2532 10585 10591 10619 10656 10680 10681 10665 10644 10631 10627 10629
3570.5564 10630 10629 10627 10628 10638 10656 10677 10690 10687 10669 10643
3575.8599 10621 10613 10622 10643 10666 10681 10681 10665 10639 10612 10595
3581.1631 10592 10603 10621 10639 10647 10640 10621 10598 10578 10566 10563
3586.4663 10565 10570 10577 10594 10625 10665 10705 10735 10746 10739 10715
3591.7695 10683 10652 10629 10617 10611 10605 10597 10589 10587 10594 10607
3597.0730 10621 10630 10637 10645 10658 10677 10698 10712 10711 10696 10676
3602.3762 10658 10649 10651 10660 10670 10678 10684 10689 10695 10705 10713
3607.6794 10712 10694 10662 10627 10605 10600 10612 10637 10666 10696 10719
3612.9829 10731 10728 10709 10678 10641 10607 10586 10584 10605 10647 10705
3618.2861 10764 10808 10826 10814 10780 10735 10690 10653 10631 10625 10634
3623.5894 10651 10666 10668 10653 10623 10590 10565 10560 10581 10628 10683
3628.8926 10713 10703 10675 10653 10649 10662 10688 10718 10742 10747 10732
3634.1960 10706 10684 10672 10668 10667 10662 10650 10633 10619 10613 10616
3639.4993 10625 10636 10648 10658 10666 10671 10671 10665 10657 10649 10646
3644.8025 10655 10681 10727 10793 10860 10897 10882 10818 10727 10638 10578
3650.1057 10561 10579 10611 10641 10668 10689 10703 10708 10700 10674 10633
3655.4092 10588 10557 10557 10581 10612 10635 10644 10640 10627 10615 10613
3660.7124 10627 10653 10682 10703 10710 10702 10687 10673 10667 10670 10676
3666.0156 10685 10693 10703 10715 10728 10736 10731 10714 10695 10690 10700
3671.3188 10714 10720 10714 10696 10666 10627 10586 10568 10601 10665 10712
3676.6223 10727 10717 10690 10652 10611 10579 10567 10576 10600 10628 10651
3681.9255 10661 10659 10647 10629 10612 10601 10598 10603 10612 10624 10635
3687.2288 10644 10651 10655 10657 10659 10661 10661 10659 10656 10650 10642
3692.5320 10632 10624 10621 10629 10650 10681 10712 10734 10741 10733 10714
3697.8354 10692 10672 10657 10648 10650 10665 10695 10728 10746 10732 10690
3703.1387 10638 10594 10571 10573 10592 10615 10628 10628 10625 10632 10660
3708.4419 10709 10764 10803 10812 10799 10775 10750 10727 10700 10669 10639
3713.7451 10616 10606 10608 10622 10640 10658 10670 10675 10672 10661 10645
3719.0486 10629 10618 10616 10622 10633 10641 10642 10635 10630 10638 10661
3724.3518 10697 10733 10752 10741 10703 10656 10620 10604 10607 10621 10638
3729.6550 10655 10666 10671 10669 10665 10666 10682 10710 10745 10767 10754
3734.9583 10689 10591 10509 10475 10488 10528 10574 10616 10651 10683 10715
3740.2617 10744 10760 10758 10737 10704 10668 10639 10626 10636 10657 10668
3745.5649 10670 10672 10679 10692 10712 10731 10735 10703 10633 10546 10468
3750.8682 10420 10419 10475 10567 10656 10717 10752 10769 10774 10768 10752
3756.1714 10727 10698 10669 10643 10619 10600 10589 10590 10605 10626 10649
3761.4749 10669 10682 10687 10682 10670 10654 10641 10635 10641 10653 10668
3766.7781 10678 10684 10686 10681 10667 10643 10614 10594 10591 10608 10634
3772.0813 10662 10681 10684 10673 10654 10636 10625 10622 10622 10619 10611
3777.3845 10601 10591 10582 10573 10561 10548 10541 10545 10559 10582 10608
3782.6880 10631 10648 10659 10667 10672 10674 10673 10670 10670 10675 10688
3787.9912 10707 10725 10737 10738 10725 10701 10670 10639 10616 10606 10610
3793.2944 10627 10650 10675 10700 10720 10730 10723 10702 10676 10658 10654
3798.5977 10665 10686 10713 10738 10750 10739 10707 10674 10654 10648 10652
3803.9011 10661 10673 10686 10699 10713 10725 10733 10733 10721 10702 10677
3809.2043 10652 10632 10624 10629 10645 10663 10678 10687 10689 10689 10692
3814.5076 10703 10724 10749 10758 10742 10709 10671 10635 10603 10573 10546
3819.8108 10523 10511 10520 10553 10597 10635 10656 10659 10647 10626 10607
3825.1143 10598 10604 10620 10634 10637 10629 10620 10619 10631 10657 10688
3830.4175 10714 10718 10693 10648 10604 10576 10568 10580 10604 10631 10650
3835.7207 10659 10662 10661 10657 10644 10616 10579 10541 10512 10498 10501
3841.0239 10517 10541 10570 10604 10640 10672 10692 10695 10684 10668 10654
3846.3274 10645 10638 10629 10615 10595 10573 10552 10533 10516 10498 10477
3851.6306 10452 10431 10423 10440 10482 10529 10568 10595 10613 10624 10630
3856.9338 10632 10632 10629 10621 10607 10589 10571 10558 10558 10574 10599
3862.2371 10625 10641 10645 10638 10624 10609 10598 10592 10586 10575 10559
3867.5405 10540 10525 10526 10551 10597 10637 10653 10650 10640 10632 10632
3872.8438 10646 10675 10708 10727 10723 10700 10667 10636 10612 10597 10592
3878.1470 10592 10595 10600 10606 10614 10622 10630 10639 10648 10657 10663
3883.4502 10666 10665 10660 10655 10650 10648 10647 10645 10642 10640 10640
3888.7537 10644 10652 10661 10669 10674 10673 10668 10658 10646 10631 10616
3894.0569 10605 10603 10615 10636 10661 10682 10694 10693 10680 10659 10639
3899.3601 10625 10618 10613 10604 10588 10566 10541 10520 10505 10503 10515
3904.6633 10542 10577 10613 10644 10668 10685 10698 10707 10710 10705 10691
3909.9668 10672 10650 10631 10616 10607 10602 10601 10604 10612 10625 10640
3915.2700 10655 10666 10668 10660 10648 10636 10630 10629 10630 10632 10633
3920.5732 10634 10634 10636 10639 10642 10648 10657 10671 10685 10691 10683
3925.8765 10658 10625 10596 10581 10590 10620 10662 10696 10710 10705 10689
3931.1799 10675 10669 10667 10662 10649 10632 10616 10608 10612 10624 10638
3936.4832 10651 10663 10675 10692 10714 10734 10748 10749 10737 10716 10696
3941.7864 10683 10683 10691 10698 10695 10679 10652 10622 10593 10571 10556
3947.0896 10551 10553 10564 10585 10616 10651 10684 10707 10719 10721 10721
3952.3931 10725 10736 10748 10752 10740 10708 10664 10620 10588 10573 10572
3957.6963 10577 10581 10582 10586 10599 10623 10654 10687 10713 10728 10730
3962.9995 10722 10705 10685 10666 10654 10654 10663 10675 10682 10678 10665
3968.3027 10646 10629 10619 10615 10615 10618 10625 10637 10653 10668 10676
3973.6062 10670 10650 10621 10593 10572 10561 10558 10560 10564 10572 10587
3978.9094 10611 10640 10667 10687 10698 10706 10715 10728 10738 10734 10710
3984.2126 10670 10626 10595 10588 10604 10633 10660 10676 10679 10670 10655
3989.5159 10637 10619 10602 10591 10588 10594 10609 10631 10658 10684 10704
3994.8193 10713 10707 10690 10674 10667 10677 10699 10725 10741 10742 10728
4000.1226 10714
##END= 
