##TITLE= DP02-DP07
##JCAMP-DX= 4.24
##DATA TYPE= INFRARED SPECTRUM
##ORIGIN= JASCO
##OWNER= 
##DATE= 22/06/15
##TIME= 15:02:28
##SPECTROMETER/DATA SYSTEM= 
##RESOLUTION= 
##DELTAX=   0.48211674
##XUNITS= 1/CM
##YUNITS= TRANSMITTANCE
##XFACTOR= 1.00000
##YFACTOR= 0.0001
##FIRSTX=   649.8934
##LASTX=  4000.1226
##NPOINTS=     6950
##FIRSTY=      0.98040
##MAXY=      1.00244
##MINY=      0.48042
##XYDATA= (X++(Y..Y))
649.8934 9804 9794 9779 9761 9741 9723 9709 9700 9697 9703 9716 9731 9744 9752
656.6430 9756 9761 9770 9787 9809 9834 9857 9877 9891 9899 9902 9902 9903 9909
663.3926 9922 9943 9966 9978 9970 9949 9925 9903 9886 9877 9873 9872 9870 9865
670.1423 9855 9837 9813 9786 9766 9757 9752 9744 9731 9714 9699 9691 9694 9706
676.8919 9726 9746 9763 9775 9786 9800 9822 9856 9898 9943 9983 10011 10024
683.1594 10022 10008 9987 9965 9946 9932 9921 9911 9899 9886 9869 9852 9834
689.4269 9818 9806 9799 9799 9803 9810 9816 9818 9816 9810 9802 9795 9794 9800
696.1766 9811 9825 9838 9844 9843 9838 9833 9832 9839 9852 9867 9883 9895 9901
702.9262 9902 9897 9888 9877 9866 9856 9848 9840 9831 9821 9811 9804 9800 9803
709.6758 9811 9822 9835 9849 9864 9878 9893 9906 9918 9928 9936 9941 9944 9942
716.4255 9935 9924 9910 9896 9883 9874 9868 9864 9860 9857 9854 9852 9851 9850
723.1751 9850 9851 9853 9856 9860 9866 9872 9877 9879 9879 9878 9874 9871 9868
729.9247 9866 9863 9859 9854 9846 9837 9827 9816 9807 9799 9793 9789 9786 9783
736.6744 9782 9784 9791 9801 9814 9828 9840 9850 9856 9860 9862 9863 9863 9862
743.4240 9859 9854 9846 9835 9820 9804 9786 9770 9755 9745 9739 9738 9741 9748
750.1736 9757 9767 9777 9785 9792 9796 9799 9802 9807 9813 9820 9827 9832 9836
756.9233 9838 9839 9840 9841 9841 9841 9839 9835 9829 9824 9821 9820 9821 9824
763.6729 9825 9823 9818 9810 9802 9794 9789 9788 9791 9795 9799 9800 9796 9790
770.4225 9782 9775 9770 9767 9766 9765 9764 9764 9765 9767 9771 9774 9777 9779
777.1722 9779 9778 9777 9776 9775 9773 9772 9771 9769 9766 9761 9755 9745 9735
783.9218 9725 9716 9711 9709 9710 9713 9716 9716 9713 9705 9695 9683 9673 9665
790.6714 9660 9657 9656 9654 9650 9645 9639 9634 9632 9635 9641 9651 9664 9678
797.4211 9692 9705 9716 9724 9730 9732 9731 9728 9725 9722 9719 9716 9713 9710
804.1707 9707 9704 9700 9696 9691 9685 9679 9675 9671 9669 9669 9668 9666 9662
810.9203 9657 9651 9644 9638 9633 9631 9631 9634 9640 9648 9657 9665 9672 9676
817.6700 9679 9682 9684 9687 9691 9694 9697 9700 9702 9704 9706 9707 9707 9708
824.4196 9711 9715 9722 9731 9739 9747 9753 9758 9761 9762 9762 9762 9761 9762
831.1693 9764 9765 9766 9765 9761 9755 9747 9738 9727 9716 9703 9690 9676 9661
837.9189 9646 9630 9612 9594 9574 9554 9534 9514 9495 9476 9456 9435 9411 9386
844.6685 9358 9328 9296 9264 9232 9200 9167 9135 9102 9071 9040 9011 8983 8957
851.4182 8931 8905 8879 8854 8828 8803 8777 8750 8722 8693 8663 8632 8602 8574
858.1678 8549 8529 8516 8511 8512 8521 8538 8563 8599 8645 8701 8765 8834 8904
864.9174 8975 9044 9111 9176 9239 9301 9360 9416 9466 9508 9541 9567 9587 9606
871.6671 9627 9653 9682 9713 9743 9770 9792 9808 9821 9832 9843 9855 9869 9882
878.4167 9892 9899 9900 9898 9893 9889 9885 9884 9884 9885 9885 9885 9883 9881
885.1663 9880 9880 9880 9881 9882 9880 9877 9872 9866 9861 9858 9857 9857 9858
891.9160 9860 9860 9860 9859 9858 9857 9856 9857 9859 9861 9863 9864 9864 9865
898.6656 9866 9868 9871 9874 9878 9882 9887 9892 9898 9903 9908 9912 9915 9918
905.4152 9920 9922 9922 9920 9919 9917 9917 9917 9919 9921 9924 9926 9927 9927
912.1649 9927 9927 9927 9928 9929 9930 9931 9930 9928 9926 9925 9923 9922 9922
918.9145 9921 9919 9916 9912 9908 9904 9901 9897 9894 9891 9887 9883 9877 9872
925.6641 9868 9864 9863 9862 9861 9860 9857 9852 9844 9834 9822 9808 9792 9776
932.4138 9759 9742 9723 9703 9681 9658 9634 9611 9588 9566 9546 9528 9513 9501
939.1634 9491 9482 9475 9468 9460 9452 9443 9435 9427 9419 9411 9402 9392 9378
945.9130 9361 9341 9318 9294 9270 9246 9224 9203 9183 9163 9145 9126 9108 9092
952.6627 9079 9068 9060 9054 9051 9050 9051 9053 9056 9060 9065 9072 9080 9089
959.4123 9100 9110 9120 9129 9138 9146 9154 9162 9169 9176 9183 9191 9198 9206
966.1619 9213 9221 9228 9235 9242 9249 9256 9261 9267 9272 9276 9278 9280 9280
972.9116 9279 9277 9275 9273 9271 9268 9265 9262 9258 9253 9247 9240 9232 9222
979.6612 9209 9196 9180 9165 9149 9133 9119 9104 9089 9074 9060 9046 9033 9023
986.4108 9016 9012 9011 9011 9013 9014 9016 9018 9021 9026 9032 9042 9054 9069
993.1605 9086 9104 9122 9140 9159 9178 9199 9222 9246 9270 9295 9320 9345 9369
999.9101 9392 9415 9437 9458 9477 9494 9510 9524 9538 9552 9566 9580 9593 9604
1006.6597 9613 9619 9622 9624 9627 9632 9640 9650 9661 9671 9680 9685 9688
1012.9272 9690 9691 9691 9693 9695 9696 9698 9698 9697 9695 9692 9689 9685
1019.1948 9681 9677 9673 9669 9665 9663 9662 9662 9662 9661 9659 9655 9649
1025.4623 9640 9631 9620 9610 9600 9590 9580 9570 9559 9547 9532 9517 9502
1031.7299 9487 9474 9463 9454 9446 9438 9428 9416 9401 9383 9363 9341 9318
1037.9973 9295 9272 9249 9225 9201 9176 9152 9128 9105 9084 9065 9048 9031
1044.2649 9016 9001 8987 8972 8957 8942 8926 8909 8892 8873 8854 8835 8817
1050.5323 8802 8792 8786 8785 8789 8795 8805 8818 8833 8852 8876 8902 8932
1056.7999 8963 8994 9023 9049 9072 9091 9106 9118 9126 9130 9130 9126 9118
1063.0674 9106 9090 9070 9046 9019 8987 8951 8910 8864 8812 8756 8696 8632
1069.3350 8564 8493 8419 8342 8261 8178 8093 8008 7925 7846 7772 7705 7645
1075.6024 7593 7548 7512 7485 7467 7457 7456 7462 7475 7493 7517 7544 7575
1081.8700 7609 7644 7682 7721 7760 7800 7842 7884 7928 7974 8022 8071 8119
1088.1375 8168 8214 8257 8297 8332 8363 8389 8409 8424 8433 8437 8436 8431
1094.4050 8423 8411 8396 8379 8359 8339 8318 8298 8280 8263 8249 8237 8230
1100.6725 8226 8226 8231 8240 8253 8271 8293 8319 8348 8380 8413 8449 8485
1106.9401 8522 8560 8596 8632 8666 8698 8728 8755 8780 8804 8826 8846 8864
1113.2075 8881 8897 8911 8923 8934 8942 8949 8954 8960 8965 8971 8977 8983
1119.4751 8989 8994 8998 9001 9003 9004 9004 9003 9003 9003 9003 9002 9000
1125.7426 8995 8988 8979 8967 8954 8940 8924 8906 8887 8865 8840 8810 8775
1132.0101 8737 8695 8651 8605 8558 8508 8457 8402 8343 8281 8215 8147 8077
1138.2776 8006 7935 7862 7789 7714 7637 7559 7481 7403 7328 7255 7184 7116
1144.5452 7050 6984 6921 6859 6801 6748 6699 6654 6614 6576 6541 6508 6480
1150.8126 6455 6436 6423 6415 6414 6418 6425 6436 6451 6469 6492 6519 6550
1157.0802 6586 6625 6666 6708 6752 6795 6840 6884 6929 6973 7018 7062 7105
1163.3477 7146 7186 7224 7260 7295 7329 7362 7393 7423 7451 7477 7501 7524
1169.6152 7544 7564 7582 7600 7618 7634 7651 7667 7682 7697 7711 7724 7737
1175.8827 7750 7763 7775 7787 7797 7805 7812 7816 7819 7819 7818 7815 7810
1182.1503 7804 7797 7788 7777 7764 7750 7735 7718 7701 7682 7662 7640 7615
1188.4177 7589 7560 7529 7496 7460 7423 7383 7341 7297 7249 7200 7148 7095
1194.6853 7042 6987 6933 6879 6826 6774 6723 6674 6626 6580 6535 6493 6453
1200.9528 6415 6381 6349 6320 6293 6270 6249 6231 6217 6205 6196 6191 6188
1207.2203 6189 6193 6202 6214 6229 6248 6270 6294 6320 6348 6376 6407 6440
1213.4878 6475 6513 6554 6597 6643 6689 6738 6789 6841 6895 6949 7004 7059
1219.7554 7112 7164 7214 7261 7305 7346 7384 7419 7451 7479 7503 7524 7543
1226.0228 7560 7576 7591 7606 7620 7633 7644 7654 7661 7666 7669 7671 7672
1232.2904 7672 7672 7671 7669 7665 7659 7652 7643 7634 7624 7614 7604 7594
1238.5579 7584 7573 7562 7550 7537 7523 7510 7498 7488 7480 7474 7471 7470
1244.8254 7471 7474 7480 7488 7499 7514 7533 7555 7581 7608 7638 7668 7699
1251.0929 7730 7761 7790 7819 7846 7871 7894 7915 7932 7945 7956 7963 7967
1257.3605 7969 7968 7966 7963 7960 7955 7950 7945 7939 7933 7928 7923 7919
1263.6279 7915 7913 7912 7912 7914 7916 7920 7925 7931 7937 7945 7953 7963
1269.8955 7974 7987 8001 8015 8031 8046 8062 8077 8092 8108 8124 8141 8159
1276.1630 8177 8195 8213 8230 8248 8266 8285 8305 8326 8347 8370 8392 8414
1282.4305 8435 8456 8477 8499 8520 8541 8561 8579 8597 8613 8629 8644 8658
1288.6980 8672 8685 8698 8710 8721 8730 8738 8745 8751 8757 8762 8766 8770
1294.9656 8773 8774 8775 8776 8775 8775 8775 8774 8774 8774 8775 8775 8775
1301.2330 8775 8775 8775 8774 8773 8771 8768 8764 8760 8755 8750 8744 8738
1307.5006 8730 8722 8712 8702 8690 8678 8666 8655 8643 8632 8620 8608 8595
1313.7681 8581 8567 8554 8541 8530 8519 8509 8499 8489 8480 8471 8462 8454
1320.0356 8447 8441 8435 8429 8424 8419 8413 8408 8402 8397 8391 8386 8381
1326.3031 8377 8374 8371 8368 8365 8362 8358 8354 8351 8348 8346 8346 8345
1332.5707 8344 8343 8340 8337 8333 8329 8325 8323 8321 8322 8324 8327 8332
1338.8381 8339 8346 8355 8365 8376 8388 8402 8415 8429 8443 8455 8465 8473
1345.1057 8478 8479 8478 8473 8466 8455 8442 8424 8403 8377 8347 8312 8274
1351.3732 8230 8184 8134 8081 8027 7972 7916 7860 7806 7754 7705 7660 7621
1357.6407 7589 7565 7551 7546 7552 7567 7589 7619 7656 7699 7749 7805 7865
1363.9082 7929 7995 8062 8127 8191 8252 8309 8362 8412 8459 8501 8537 8567
1370.1758 8590 8607 8618 8625 8629 8631 8630 8628 8625 8622 8619 8618 8621
1376.4432 8628 8639 8656 8678 8704 8735 8770 8808 8848 8891 8934 8978 9020
1382.7108 9061 9101 9140 9177 9214 9249 9281 9311 9337 9361 9382 9401 9418
1388.9783 9434 9449 9462 9473 9481 9486 9490 9493 9496 9498 9501 9504 9506
1395.2458 9509 9511 9515 9519 9524 9529 9536 9542 9547 9551 9552 9552 9550
1401.5133 9548 9545 9543 9539 9535 9530 9524 9516 9508 9500 9491 9482 9474
1407.7809 9465 9457 9448 9439 9427 9415 9401 9387 9372 9357 9342 9325 9307
1414.0483 9287 9267 9244 9221 9198 9175 9153 9132 9112 9091 9070 9048 9024
1420.3159 9000 8976 8954 8934 8915 8897 8880 8860 8838 8814 8787 8758 8728
1426.5834 8697 8666 8634 8601 8565 8525 8481 8434 8385 8334 8284 8233 8185
1432.8510 8141 8104 8075 8055 8043 8037 8040 8050 8068 8094 8127 8164 8206
1439.1184 8251 8299 8346 8391 8431 8467 8498 8524 8545 8561 8572 8577 8577
1445.3860 8575 8571 8565 8556 8545 8531 8515 8498 8480 8461 8441 8422 8402
1451.6534 8383 8363 8344 8326 8312 8303 8299 8301 8308 8320 8337 8358 8384
1457.9210 8415 8450 8490 8532 8577 8623 8667 8711 8755 8799 8842 8885 8927
1464.1885 8969 9010 9051 9090 9128 9165 9201 9235 9266 9295 9321 9345 9370
1470.4561 9394 9417 9440 9460 9479 9498 9517 9537 9558 9580 9604 9628 9651
1476.7235 9672 9689 9703 9716 9728 9740 9752 9763 9773 9782 9789 9794 9798
1482.9911 9800 9802 9803 9804 9803 9801 9797 9793 9788 9786 9785 9787 9791
1489.2585 9796 9802 9809 9816 9822 9826 9830 9833 9837 9841 9846 9849 9852
1495.5261 9853 9853 9853 9852 9852 9853 9855 9859 9865 9872 9878 9883 9884
1501.7936 9881 9873 9859 9842 9825 9809 9796 9785 9777 9770 9766 9763 9762
1508.0612 9763 9767 9774 9787 9803 9822 9839 9852 9861 9864 9862 9859 9855
1514.3286 9852 9850 9848 9845 9841 9833 9823 9811 9801 9795 9794 9797 9802
1520.5962 9808 9811 9812 9810 9808 9807 9807 9811 9818 9828 9839 9847 9855
1526.8636 9860 9865 9868 9871 9872 9872 9870 9869 9868 9868 9870 9873 9875
1533.1312 9877 9878 9878 9875 9870 9862 9851 9842 9834 9827 9821 9814 9806
1539.3987 9798 9789 9780 9772 9767 9765 9768 9779 9794 9810 9826 9839 9850
1545.6663 9859 9865 9871 9877 9884 9891 9898 9903 9904 9902 9898 9893 9889
1551.9337 9887 9886 9885 9883 9878 9866 9846 9821 9801 9789 9785 9786 9790
1558.2013 9795 9801 9805 9810 9814 9820 9829 9843 9865 9891 9913 9927 9934
1564.4688 9935 9932 9926 9919 9914 9911 9910 9911 9913 9916 9917 9917 9917
1570.7363 9914 9911 9907 9904 9902 9902 9903 9905 9906 9906 9905 9904 9904
1577.0038 9904 9905 9908 9913 9921 9931 9940 9946 9950 9950 9949 9948 9946
1583.2714 9945 9944 9943 9941 9939 9936 9932 9929 9925 9923 9921 9920 9919
1589.5388 9917 9916 9914 9912 9910 9909 9909 9909 9908 9906 9904 9902 9899
1595.8064 9896 9894 9891 9889 9886 9882 9877 9872 9866 9861 9857 9853 9849
1602.0739 9846 9842 9838 9834 9830 9826 9821 9818 9814 9810 9807 9803 9798
1608.3414 9794 9789 9785 9780 9776 9771 9766 9759 9751 9743 9734 9726 9720
1614.6089 9716 9713 9710 9708 9706 9704 9700 9697 9692 9688 9685 9684 9685
1620.8765 9687 9688 9688 9687 9685 9682 9679 9677 9676 9677 9680 9685 9690
1627.1439 9695 9697 9698 9698 9696 9694 9691 9688 9684 9678 9671 9663 9655
1633.4115 9649 9644 9640 9637 9636 9635 9634 9634 9634 9636 9638 9642 9647
1639.6791 9651 9652 9651 9647 9639 9628 9614 9599 9584 9570 9559 9549 9540
1645.9465 9532 9524 9515 9507 9497 9487 9477 9466 9458 9455 9456 9457 9458
1652.2141 9459 9460 9461 9463 9468 9474 9483 9494 9508 9524 9539 9550 9557
1658.4816 9561 9563 9565 9567 9569 9571 9572 9573 9572 9571 9568 9564 9559
1664.7491 9553 9546 9539 9533 9526 9520 9513 9506 9498 9491 9483 9475 9467
1671.0166 9460 9453 9448 9445 9442 9440 9435 9429 9420 9409 9396 9381 9365
1677.2842 9349 9333 9318 9301 9282 9258 9230 9199 9170 9146 9125 9106 9087
1683.5516 9070 9052 9033 9013 8994 8974 8955 8938 8923 8908 8889 8864 8835
1689.8192 8803 8769 8733 8694 8651 8602 8549 8492 8433 8373 8312 8250 8186
1696.0867 8118 8042 7957 7866 7773 7680 7587 7494 7400 7302 7197 7086 6968
1702.3542 6844 6716 6586 6458 6337 6218 6098 5978 5856 5736 5619 5509 5406
1708.6217 5311 5224 5145 5073 5011 4957 4912 4875 4845 4823 4808 4804 4813
1714.8893 4836 4872 4916 4968 5028 5094 5166 5243 5325 5411 5502 5598 5698
1721.1567 5799 5896 5987 6072 6154 6232 6307 6376 6439 6496 6547 6590 6627
1727.4243 6656 6677 6690 6695 6692 6681 6662 6637 6608 6576 6543 6508 6473
1733.6918 6436 6398 6360 6323 6286 6251 6219 6191 6168 6149 6132 6117 6103
1739.9594 6091 6082 6075 6072 6072 6076 6082 6092 6105 6121 6142 6167 6197
1746.2268 6232 6272 6318 6370 6430 6496 6567 6643 6723 6808 6896 6987 7080
1752.4944 7175 7272 7372 7475 7579 7682 7782 7879 7973 8064 8153 8240 8325
1758.7618 8410 8493 8573 8649 8721 8787 8849 8906 8959 9009 9054 9097 9137
1765.0294 9175 9210 9241 9267 9290 9310 9326 9341 9357 9373 9390 9408 9427
1771.2969 9445 9463 9480 9496 9513 9529 9546 9564 9582 9598 9612 9624 9633
1777.5645 9642 9652 9661 9671 9680 9689 9696 9703 9709 9717 9724 9733 9741
1783.8319 9749 9757 9764 9770 9775 9779 9782 9784 9785 9785 9785 9785 9785
1790.0995 9786 9789 9791 9794 9797 9800 9804 9809 9814 9820 9827 9835 9841
1796.3669 9846 9850 9853 9854 9856 9859 9862 9865 9869 9873 9876 9880 9883
1802.6345 9887 9890 9895 9899 9903 9906 9909 9911 9912 9913 9914 9915 9916
1808.9020 9917 9919 9921 9923 9926 9929 9933 9936 9939 9942 9946 9949 9952
1815.1696 9955 9957 9959 9961 9963 9964 9965 9966 9967 9968 9968 9968 9967
1821.4370 9965 9962 9960 9958 9957 9957 9955 9953 9950 9944 9938 9933 9930
1827.7046 9929 9930 9933 9936 9939 9941 9943 9946 9949 9953 9957 9962 9967
1833.9720 9971 9975 9977 9979 9980 9981 9981 9981 9980 9980 9979 9978 9977
1840.2396 9975 9972 9969 9966 9964 9962 9960 9958 9957 9957 9957 9957 9958
1846.5071 9959 9961 9965 9970 9975 9980 9983 9986 9988 9989 9990 9991 9992
1852.7747 9994 9995 9997 9999 10000 10000 9999 9997 9995 9994 9994 9994 9994
1859.0421 9993 9993 9991 9990 9988 9986 9984 9981 9978 9973 9968 9962 9956
1865.3097 9950 9945 9941 9938 9935 9933 9932 9932 9934 9938 9943 9950 9958
1871.5771 9967 9975 9982 9987 9991 9994 9996 9998 10000 10001 10001 10001
1877.3625 10000 9999 9998 9997 9996 9995 9994 9993 9991 9989 9987 9984 9983
1883.6301 9981 9979 9977 9974 9971 9967 9965 9964 9964 9965 9966 9966 9966
1889.8976 9965 9963 9961 9959 9958 9958 9957 9957 9957 9956 9956 9955 9956
1896.1652 9957 9959 9962 9964 9966 9968 9968 9967 9965 9963 9961 9960 9958
1902.4326 9957 9957 9956 9955 9953 9951 9950 9949 9949 9951 9954 9957 9960
1908.7002 9962 9964 9965 9966 9966 9967 9967 9967 9967 9966 9965 9963 9960
1914.9677 9959 9959 9960 9961 9962 9963 9963 9961 9959 9957 9955 9955 9957
1921.2352 9959 9962 9964 9965 9963 9961 9958 9957 9956 9957 9959 9962 9964
1927.5027 9966 9967 9967 9967 9965 9963 9962 9961 9962 9963 9964 9966 9967
1933.7703 9968 9969 9970 9973 9976 9981 9985 9988 9989 9987 9983 9978 9972
1940.0377 9966 9962 9958 9954 9950 9945 9939 9934 9930 9929 9931 9935 9941
1946.3053 9947 9953 9959 9964 9969 9974 9980 9985 9988 9991 9991 9989 9987
1952.5728 9983 9978 9973 9969 9965 9961 9957 9954 9950 9948 9947 9946 9947
1958.8403 9949 9952 9956 9962 9968 9974 9979 9982 9982 9980 9977 9973 9969
1965.1078 9965 9962 9960 9957 9955 9952 9947 9943 9939 9937 9938 9942 9948
1971.3754 9954 9960 9964 9967 9968 9969 9971 9973 9977 9982 9988 9992 9995
1977.6428 9997 9996 9995 9995 9996 9998 10000 10001 10002 10001 9999 9997 9993
1983.9104 9989 9984 9980 9977 9976 9976 9977 9977 9977 9975 9971 9965 9959
1990.1779 9954 9950 9948 9947 9948 9948 9947 9944 9941 9937 9935 9934 9936
1996.4454 9939 9942 9945 9946 9947 9947 9947 9947 9947 9947 9947 9947 9946
2002.7129 9946 9945 9945 9945 9945 9944 9942 9940 9938 9936 9935 9934 9933
2008.9805 9933 9932 9933 9933 9934 9934 9935 9937 9938 9939 9940 9939 9936
2015.2479 9933 9929 9925 9921 9918 9915 9913 9911 9910 9909 9909 9909 9910
2021.5155 9913 9916 9920 9924 9927 9929 9930 9931 9931 9933 9935 9937 9939
2027.7830 9939 9938 9936 9933 9931 9930 9931 9932 9934 9935 9935 9934 9932
2034.0505 9931 9930 9930 9930 9932 9934 9937 9940 9943 9946 9949 9951 9953
2040.3180 9954 9954 9952 9951 9949 9949 9948 9946 9944 9940 9934 9928 9922
2046.5856 9917 9914 9912 9912 9913 9914 9915 9914 9913 9911 9909 9908 9909
2052.8530 9909 9910 9910 9910 9909 9908 9908 9908 9910 9911 9913 9915 9917
2059.1206 9919 9921 9922 9924 9925 9927 9928 9928 9927 9925 9921 9917 9913
2065.3882 9909 9905 9903 9901 9900 9900 9900 9900 9901 9901 9902 9903 9904
2071.6555 9906 9909 9911 9913 9913 9911 9909 9906 9904 9901 9899 9897 9896
2077.9231 9896 9896 9897 9898 9900 9902 9905 9909 9912 9915 9917 9919 9919
2084.1907 9919 9917 9915 9913 9910 9908 9907 9906 9905 9904 9903 9902 9900
2090.4583 9897 9895 9893 9891 9889 9887 9886 9885 9884 9883 9883 9884 9886
2096.7256 9887 9890 9891 9893 9895 9897 9900 9903 9906 9908 9909 9909 9908
2102.9932 9906 9904 9902 9901 9900 9899 9897 9895 9892 9890 9887 9886 9886
2109.2607 9887 9889 9890 9892 9893 9894 9895 9897 9900 9903 9906 9909 9911
2115.5283 9912 9913 9912 9910 9908 9906 9903 9901 9899 9897 9896 9895 9894
2121.7957 9894 9894 9894 9894 9895 9897 9901 9906 9911 9916 9919 9921 9921
2128.0632 9920 9918 9916 9916 9916 9917 9919 9919 9919 9918 9916 9914 9914
2134.3308 9915 9918 9923 9928 9934 9938 9940 9940 9939 9937 9935 9934 9933
2140.5984 9933 9933 9934 9935 9936 9937 9939 9940 9941 9942 9943 9944 9946
2146.8657 9948 9950 9952 9953 9954 9954 9952 9948 9944 9940 9937 9935 9933
2153.1333 9932 9929 9927 9924 9922 9922 9924 9928 9933 9936 9939 9939 9937
2159.4009 9934 9932 9931 9932 9934 9937 9939 9940 9938 9936 9933 9932 9932
2165.6685 9935 9938 9942 9945 9946 9946 9944 9942 9940 9938 9937 9935 9934
2171.9358 9933 9933 9933 9933 9934 9936 9938 9939 9940 9940 9939 9937 9935
2178.2034 9933 9932 9932 9933 9934 9934 9934 9933 9933 9933 9934 9937 9940
2184.4709 9944 9948 9950 9951 9951 9950 9949 9949 9949 9950 9950 9948 9946
2190.7385 9943 9939 9935 9932 9931 9930 9930 9931 9933 9935 9938 9943 9947
2197.0059 9952 9955 9957 9958 9957 9956 9955 9953 9952 9949 9945 9941 9936
2203.2734 9931 9927 9924 9924 9926 9929 9932 9935 9936 9936 9937 9938 9940
2209.5410 9943 9945 9947 9947 9946 9943 9940 9936 9932 9928 9925 9923 9920
2215.8086 9917 9914 9910 9907 9905 9904 9905 9907 9911 9915 9920 9925 9930
2222.0759 9935 9939 9942 9944 9945 9946 9947 9947 9946 9944 9940 9936 9931
2228.3435 9926 9923 9922 9923 9926 9928 9929 9928 9926 9922 9919 9917 9917
2234.6111 9918 9919 9920 9919 9916 9913 9910 9907 9907 9907 9909 9910 9911
2240.8787 9910 9909 9907 9904 9902 9901 9900 9899 9898 9897 9895 9894 9892
2247.1460 9890 9888 9887 9886 9887 9889 9894 9899 9905 9910 9914 9917 9919
2253.4136 9921 9923 9925 9928 9930 9932 9931 9928 9923 9917 9911 9906 9903
2259.6812 9902 9903 9904 9907 9909 9910 9911 9912 9913 9913 9914 9914 9914
2265.9487 9913 9912 9910 9907 9905 9902 9900 9898 9898 9898 9899 9901 9903
2272.2161 9905 9907 9907 9908 9907 9907 9908 9908 9910 9911 9912 9912 9912
2278.4836 9911 9910 9910 9910 9910 9910 9910 9908 9906 9903 9899 9896 9893
2284.7512 9891 9889 9889 9888 9888 9887 9887 9886 9885 9885 9885 9885 9885
2291.0188 9884 9883 9882 9880 9879 9877 9876 9875 9873 9872 9870 9867 9865
2297.2861 9863 9863 9864 9866 9868 9869 9869 9868 9866 9864 9862 9861 9860
2303.5537 9859 9858 9854 9850 9844 9838 9833 9829 9827 9826 9824 9821 9817
2309.8213 9813 9809 9806 9805 9805 9807 9810 9812 9813 9812 9809 9807 9805
2316.0889 9803 9803 9803 9803 9802 9800 9797 9793 9790 9786 9784 9782 9782
2322.3562 9782 9784 9786 9788 9790 9792 9794 9796 9797 9798 9797 9795 9791
2328.6238 9785 9780 9776 9772 9770 9768 9767 9766 9765 9765 9766 9766 9767
2334.8914 9767 9768 9769 9770 9770 9770 9770 9769 9768 9767 9766 9765 9765
2341.1589 9766 9767 9770 9775 9781 9787 9793 9797 9800 9801 9801 9800 9798
2347.4263 9794 9791 9787 9783 9779 9776 9772 9770 9767 9766 9765 9765 9764
2353.6938 9764 9763 9763 9762 9763 9763 9764 9763 9759 9752 9742 9730 9719
2359.9614 9711 9704 9700 9698 9697 9696 9695 9693 9691 9690 9690 9692 9698
2366.2290 9706 9717 9729 9742 9753 9764 9772 9777 9782 9785 9788 9791 9795
2372.4963 9799 9802 9804 9804 9804 9803 9802 9802 9804 9808 9813 9820 9827
2378.7639 9834 9840 9846 9852 9857 9860 9864 9866 9869 9871 9872 9874 9875
2385.0315 9876 9878 9880 9882 9884 9887 9889 9890 9891 9891 9891 9890 9889
2391.2991 9888 9887 9886 9885 9884 9884 9883 9883 9882 9882 9882 9882 9882
2397.5664 9882 9883 9883 9884 9885 9886 9886 9887 9887 9888 9888 9889 9890
2403.8340 9891 9893 9895 9897 9899 9900 9901 9901 9901 9901 9902 9903 9903
2410.1016 9904 9904 9904 9903 9902 9900 9899 9897 9896 9895 9895 9894 9894
2416.3691 9893 9892 9891 9890 9889 9889 9888 9888 9889 9890 9890 9891 9891
2422.6365 9891 9890 9889 9889 9889 9890 9891 9892 9892 9892 9892 9892 9892
2428.9041 9893 9893 9894 9895 9896 9896 9896 9895 9893 9892 9891 9890 9890
2435.1716 9891 9892 9893 9894 9896 9897 9899 9901 9904 9906 9907 9908 9909
2441.4392 9909 9908 9907 9907 9906 9906 9906 9905 9904 9902 9900 9897 9896
2447.7065 9894 9894 9895 9896 9896 9897 9898 9898 9899 9900 9901 9902 9903
2453.9741 9905 9906 9908 9910 9912 9913 9914 9914 9913 9911 9909 9907 9906
2460.2417 9905 9905 9904 9903 9902 9901 9899 9897 9896 9895 9895 9895 9895
2466.5093 9895 9895 9895 9895 9897 9899 9901 9902 9903 9902 9902 9901 9900
2472.7766 9900 9900 9901 9902 9902 9902 9902 9901 9899 9899 9899 9901 9903
2479.0442 9904 9906 9908 9909 9910 9911 9912 9913 9914 9914 9914 9914 9914
2485.3118 9913 9911 9909 9907 9905 9903 9902 9900 9900 9900 9900 9900 9900
2491.5793 9901 9902 9904 9906 9909 9912 9914 9916 9917 9917 9915 9914 9912
2497.8467 9910 9908 9906 9905 9903 9901 9900 9898 9896 9894 9892 9890 9889
2504.1143 9889 9890 9892 9894 9896 9898 9899 9900 9900 9900 9900 9900 9901
2510.3818 9902 9903 9904 9905 9905 9905 9904 9903 9903 9904 9906 9909 9912
2516.6494 9914 9915 9915 9915 9914 9913 9912 9911 9910 9908 9906 9903 9899
2522.9167 9897 9895 9895 9896 9898 9901 9903 9905 9906 9908 9909 9911 9913
2529.1843 9915 9916 9917 9917 9917 9917 9916 9917 9917 9918 9917 9916 9913
2535.4519 9910 9907 9904 9902 9901 9901 9901 9901 9899 9897 9894 9891 9889
2541.7195 9889 9890 9893 9896 9899 9901 9902 9901 9900 9899 9898 9897 9897
2547.9868 9896 9896 9895 9894 9892 9891 9889 9889 9889 9890 9890 9891 9892
2554.2544 9892 9893 9895 9897 9900 9903 9906 9909 9911 9911 9912 9912 9912
2560.5220 9912 9912 9912 9912 9911 9909 9907 9905 9903 9900 9898 9895 9892
2566.7896 9890 9889 9889 9889 9891 9893 9895 9898 9900 9902 9903 9904 9906
2573.0569 9908 9911 9914 9917 9919 9920 9920 9920 9918 9916 9915 9913 9912
2579.3245 9910 9909 9907 9905 9903 9899 9896 9893 9891 9889 9888 9888 9889
2585.5920 9890 9891 9892 9893 9894 9894 9895 9895 9895 9895 9896 9896 9896
2591.8596 9896 9895 9893 9892 9890 9888 9886 9885 9884 9884 9883 9883 9882
2598.1270 9881 9880 9879 9879 9879 9880 9881 9883 9885 9887 9890 9892 9895
2604.3945 9897 9898 9900 9901 9903 9904 9906 9908 9910 9911 9911 9911 9910
2610.6621 9908 9906 9904 9902 9901 9901 9901 9900 9900 9899 9899 9899 9898
2616.9297 9899 9899 9900 9902 9903 9905 9906 9906 9906 9905 9903 9902 9900
2623.1970 9897 9895 9893 9892 9891 9890 9889 9889 9888 9888 9888 9888 9889
2629.4646 9890 9892 9894 9895 9896 9897 9897 9897 9898 9899 9900 9901 9902
2635.7322 9903 9903 9903 9903 9902 9903 9903 9903 9902 9901 9900 9898 9896
2641.9998 9895 9893 9891 9890 9889 9888 9888 9888 9888 9888 9889 9891 9892
2648.2673 9893 9894 9895 9895 9895 9895 9894 9894 9894 9894 9893 9894 9894
2654.5347 9894 9893 9892 9891 9890 9889 9890 9891 9893 9894 9895 9895 9894
2660.8022 9892 9891 9889 9888 9887 9887 9887 9886 9885 9884 9883 9882 9882
2667.0698 9883 9885 9886 9888 9888 9888 9888 9887 9886 9886 9885 9885 9884
2673.3374 9884 9882 9881 9879 9878 9877 9877 9878 9880 9881 9883 9885 9886
2679.6047 9886 9886 9885 9884 9883 9883 9883 9883 9884 9884 9884 9884 9883
2685.8723 9882 9881 9881 9882 9883 9884 9886 9886 9886 9886 9885 9883 9882
2692.1399 9881 9881 9881 9881 9881 9882 9882 9882 9881 9881 9881 9880 9880
2698.4075 9881 9882 9883 9884 9885 9886 9886 9886 9886 9886 9885 9885 9885
2704.6748 9885 9885 9884 9883 9882 9880 9879 9878 9877 9877 9878 9879 9880
2710.9424 9882 9883 9884 9885 9886 9887 9888 9889 9890 9890 9890 9889 9887
2717.2100 9885 9883 9881 9879 9877 9876 9874 9873 9872 9871 9871 9871 9871
2723.4775 9871 9870 9870 9870 9870 9869 9869 9869 9869 9869 9870 9870 9871
2729.7449 9872 9873 9874 9875 9877 9879 9881 9883 9885 9886 9887 9888 9888
2736.0125 9888 9888 9888 9887 9887 9887 9887 9886 9886 9885 9885 9884 9884
2742.2800 9885 9886 9887 9888 9888 9889 9889 9889 9889 9888 9887 9886 9885
2748.5476 9883 9882 9881 9880 9879 9878 9877 9876 9875 9874 9874 9874 9874
2754.8149 9874 9874 9873 9873 9873 9872 9873 9873 9874 9875 9876 9877 9877
2761.0825 9878 9879 9880 9881 9881 9882 9882 9882 9881 9879 9878 9877 9876
2767.3501 9874 9873 9871 9869 9867 9865 9864 9863 9863 9863 9863 9864 9865
2773.6177 9865 9867 9868 9870 9872 9874 9876 9879 9880 9881 9880 9879 9878
2779.8850 9876 9874 9872 9871 9871 9871 9871 9871 9871 9872 9872 9873 9875
2786.1526 9878 9880 9883 9885 9886 9886 9885 9884 9883 9881 9880 9879 9879
2792.4202 9878 9877 9876 9874 9872 9870 9868 9867 9867 9868 9869 9870 9871
2798.6877 9872 9872 9873 9874 9875 9877 9880 9882 9883 9884 9884 9883 9881
2804.9551 9879 9877 9875 9873 9871 9869 9867 9864 9862 9859 9857 9855 9854
2811.2227 9854 9854 9856 9858 9859 9861 9862 9863 9863 9864 9864 9865 9866
2817.4902 9866 9867 9867 9867 9866 9865 9864 9863 9861 9860 9859 9857 9855
2823.7578 9853 9851 9848 9846 9844 9842 9839 9837 9834 9830 9828 9826 9826
2830.0251 9826 9827 9828 9830 9830 9831 9831 9830 9830 9830 9830 9830 9830
2836.2927 9829 9828 9825 9821 9818 9814 9810 9806 9803 9800 9797 9795 9793
2842.5603 9790 9788 9786 9785 9785 9785 9787 9789 9792 9795 9798 9800 9802
2848.8279 9803 9804 9804 9805 9806 9807 9808 9809 9810 9810 9810 9810 9811
2855.0952 9812 9813 9815 9817 9819 9821 9822 9822 9822 9822 9822 9822 9821
2861.3628 9820 9819 9817 9815 9813 9811 9809 9808 9807 9806 9805 9804 9803
2867.6304 9802 9801 9800 9800 9800 9799 9798 9796 9794 9792 9790 9787 9785
2873.8979 9782 9780 9777 9774 9771 9767 9763 9759 9755 9751 9747 9744 9741
2880.1653 9739 9736 9734 9732 9731 9731 9731 9731 9733 9735 9738 9741 9744
2886.4329 9746 9748 9749 9750 9751 9752 9752 9752 9752 9752 9751 9750 9750
2892.7004 9749 9748 9748 9747 9748 9748 9749 9749 9749 9749 9749 9749 9748
2898.9680 9748 9747 9746 9745 9744 9744 9743 9743 9742 9741 9739 9736 9733
2905.2354 9730 9727 9724 9722 9721 9719 9717 9714 9711 9707 9703 9699 9695
2911.5029 9691 9689 9687 9686 9685 9685 9685 9686 9686 9686 9686 9686 9687
2917.7705 9688 9689 9690 9691 9691 9690 9689 9686 9683 9680 9676 9671 9667
2924.0381 9663 9659 9654 9650 9647 9644 9641 9639 9637 9636 9634 9633 9632
2930.3054 9631 9628 9625 9621 9617 9613 9608 9602 9596 9589 9581 9572 9562
2936.5730 9552 9542 9532 9523 9515 9507 9499 9491 9482 9472 9463 9454 9446
2942.8406 9438 9432 9425 9419 9412 9406 9400 9395 9391 9387 9383 9380 9376
2949.1082 9371 9367 9362 9359 9355 9353 9350 9347 9344 9341 9338 9337 9338
2955.3755 9340 9344 9350 9356 9363 9371 9379 9388 9399 9411 9424 9437 9450
2961.6431 9462 9473 9484 9494 9503 9512 9520 9527 9532 9535 9536 9537 9538
2967.9106 9541 9544 9548 9552 9556 9559 9562 9565 9569 9573 9578 9583 9588
2974.1782 9593 9597 9600 9602 9603 9604 9605 9604 9602 9600 9596 9591 9586
2980.4456 9580 9574 9568 9561 9553 9545 9536 9526 9516 9507 9498 9490 9483
2986.7131 9477 9471 9466 9461 9456 9451 9447 9443 9440 9438 9437 9436 9435
2992.9807 9434 9433 9433 9433 9434 9436 9439 9443 9447 9451 9455 9457 9460
2999.2483 9463 9467 9472 9477 9482 9488 9493 9498 9502 9507 9511 9516 9522
3005.5156 9528 9535 9541 9547 9553 9559 9564 9568 9572 9576 9580 9584 9589
3011.7832 9595 9601 9607 9613 9618 9623 9628 9632 9637 9642 9647 9652 9657
3018.0508 9662 9666 9669 9673 9675 9678 9679 9681 9683 9684 9686 9687 9689
3024.3184 9692 9694 9696 9698 9699 9700 9700 9700 9702 9704 9707 9711 9714
3030.5857 9718 9722 9725 9727 9730 9732 9734 9737 9740 9743 9746 9749 9752
3036.8533 9754 9755 9757 9758 9761 9764 9768 9773 9779 9784 9790 9794 9798
3043.1208 9802 9806 9809 9813 9817 9820 9823 9825 9826 9826 9825 9824 9824
3049.3884 9824 9825 9825 9826 9826 9825 9825 9825 9826 9828 9830 9833 9837
3055.6558 9839 9842 9843 9844 9844 9844 9845 9846 9847 9847 9846 9844 9841
3061.9233 9838 9836 9834 9834 9834 9835 9835 9835 9834 9834 9834 9835 9837
3068.1909 9839 9842 9844 9846 9846 9844 9843 9842 9842 9843 9846 9848 9851
3074.4585 9852 9853 9852 9851 9851 9852 9853 9856 9858 9861 9863 9863 9863
3080.7258 9862 9861 9860 9860 9859 9859 9860 9861 9862 9863 9864 9865 9865
3086.9934 9866 9865 9865 9866 9867 9869 9871 9873 9875 9875 9874 9873 9870
3093.2610 9869 9867 9867 9866 9864 9862 9860 9857 9855 9854 9854 9854 9856
3099.5286 9857 9858 9859 9860 9860 9861 9863 9865 9868 9871 9873 9875 9876
3105.7959 9877 9877 9877 9877 9878 9879 9881 9881 9881 9880 9878 9876 9874
3112.0635 9873 9873 9875 9876 9878 9879 9879 9880 9880 9882 9885 9889 9892
3118.3311 9895 9896 9895 9893 9890 9888 9887 9886 9887 9887 9886 9884 9882
3124.5986 9880 9878 9878 9878 9878 9879 9880 9880 9880 9880 9880 9880 9880
3130.8660 9880 9880 9881 9882 9884 9887 9890 9893 9895 9897 9898 9898 9898
3137.1335 9898 9898 9898 9899 9900 9900 9901 9901 9900 9899 9898 9897 9896
3143.4011 9896 9896 9897 9898 9899 9901 9903 9905 9905 9904 9902 9900 9898
3149.6687 9897 9895 9894 9893 9893 9893 9893 9894 9893 9893 9893 9892 9893
3155.9360 9893 9893 9893 9893 9893 9894 9895 9897 9898 9899 9900 9901 9903
3162.2036 9904 9905 9906 9908 9910 9912 9913 9913 9912 9909 9905 9901 9897
3168.4712 9894 9893 9892 9892 9894 9895 9896 9898 9899 9901 9905 9909 9913
3174.7388 9917 9920 9922 9922 9921 9919 9918 9916 9914 9913 9911 9908 9905
3181.0061 9902 9898 9895 9893 9891 9890 9889 9888 9886 9886 9885 9886 9888
3187.2737 9890 9892 9894 9895 9895 9894 9894 9894 9895 9897 9899 9901 9902
3193.5413 9902 9902 9902 9901 9902 9904 9907 9911 9915 9917 9918 9918 9916
3199.8088 9914 9913 9912 9911 9910 9909 9907 9904 9901 9899 9898 9898 9900
3206.0762 9903 9907 9910 9913 9914 9915 9916 9918 9920 9922 9924 9926 9926
3212.3438 9925 9923 9921 9919 9918 9918 9918 9919 9919 9920 9920 9920 9919
3218.6113 9918 9916 9914 9912 9910 9909 9908 9909 9911 9913 9915 9916 9915
3224.8789 9914 9912 9910 9909 9909 9910 9911 9912 9911 9909 9907 9903 9900
3231.1462 9898 9899 9901 9905 9910 9914 9917 9919 9920 9920 9920 9920 9921
3237.4138 9921 9921 9920 9918 9915 9911 9908 9906 9905 9906 9909 9913 9917
3243.6814 9920 9922 9924 9926 9929 9932 9935 9937 9938 9939 9938 9936 9933
3249.9490 9929 9927 9925 9923 9921 9918 9915 9910 9905 9900 9896 9894 9893
3256.2163 9893 9894 9894 9895 9894 9894 9894 9895 9896 9899 9902 9904 9907
3262.4839 9909 9910 9910 9910 9910 9909 9909 9909 9910 9911 9913 9915 9917
3268.7515 9920 9922 9923 9925 9926 9927 9928 9929 9930 9930 9930 9928 9926
3275.0190 9923 9920 9919 9918 9918 9917 9916 9914 9911 9909 9907 9907 9909
3281.2864 9911 9914 9917 9918 9919 9919 9919 9919 9920 9922 9923 9925 9926
3287.5540 9926 9926 9925 9923 9921 9919 9918 9917 9918 9919 9920 9921 9922
3293.8215 9922 9922 9921 9921 9921 9922 9923 9925 9926 9927 9927 9926 9927
3300.0891 9928 9929 9930 9931 9932 9933 9935 9938 9941 9946 9949 9952 9952
3306.3564 9951 9948 9945 9942 9940 9938 9937 9936 9934 9931 9927 9925 9923
3312.6240 9923 9925 9927 9929 9931 9933 9935 9936 9938 9938 9938 9937 9935
3318.8916 9933 9931 9930 9931 9933 9936 9939 9942 9943 9944 9943 9943 9942
3325.1592 9942 9941 9941 9939 9937 9934 9930 9926 9922 9920 9919 9920 9921
3331.4265 9922 9922 9923 9923 9924 9926 9928 9929 9929 9927 9924 9920 9916
3337.6941 9912 9909 9908 9908 9908 9908 9907 9904 9901 9899 9899 9901 9905
3343.9617 9909 9913 9915 9916 9915 9914 9913 9914 9915 9916 9918 9920 9921
3350.2292 9922 9922 9923 9923 9924 9924 9926 9927 9927 9928 9929 9930 9930
3356.4966 9930 9928 9926 9924 9922 9921 9920 9920 9921 9922 9924 9925 9926
3362.7642 9926 9925 9924 9924 9923 9923 9922 9923 9923 9925 9926 9927 9927
3369.0317 9926 9924 9922 9921 9920 9920 9921 9923 9924 9927 9929 9931 9932
3375.2993 9933 9933 9934 9934 9935 9936 9936 9936 9935 9934 9933 9931 9928
3381.5667 9926 9924 9924 9925 9928 9930 9933 9936 9937 9939 9939 9938 9936
3387.8342 9933 9930 9929 9928 9929 9930 9930 9929 9927 9924 9921 9918 9916
3394.1018 9916 9918 9921 9925 9928 9930 9930 9929 9927 9925 9925 9925 9927
3400.3694 9928 9930 9930 9928 9925 9921 9917 9914 9911 9909 9907 9906 9904
3406.6367 9903 9902 9902 9902 9902 9902 9900 9897 9893 9888 9882 9878 9875
3412.9043 9873 9874 9875 9876 9876 9875 9873 9871 9869 9868 9868 9869 9871
3419.1719 9874 9877 9879 9880 9879 9877 9875 9875 9875 9877 9881 9884 9888
3425.4395 9890 9891 9891 9890 9889 9887 9886 9886 9885 9885 9884 9884 9884
3431.7068 9885 9886 9887 9888 9889 9890 9891 9892 9894 9896 9898 9900 9900
3437.9744 9900 9898 9894 9888 9882 9875 9868 9862 9857 9853 9850 9847 9846
3444.2419 9845 9846 9848 9853 9860 9868 9878 9888 9897 9904 9909 9911 9913
3450.5095 9913 9913 9912 9912 9912 9911 9909 9906 9902 9897 9892 9888 9885
3456.7769 9883 9882 9881 9881 9880 9879 9879 9877 9876 9875 9874 9873 9872
3463.0444 9871 9870 9870 9869 9867 9865 9862 9857 9853 9849 9846 9845 9844
3469.3120 9845 9846 9847 9848 9849 9851 9855 9860 9866 9874 9882 9890 9897
3475.5796 9902 9905 9906 9905 9903 9901 9899 9896 9894 9892 9891 9889 9888
3481.8469 9887 9886 9885 9885 9885 9887 9890 9893 9898 9902 9907 9911 9914
3488.1145 9917 9918 9919 9920 9920 9921 9921 9922 9921 9919 9917 9913 9909
3494.3821 9905 9902 9899 9896 9894 9893 9892 9893 9894 9897 9900 9904 9907
3500.6497 9909 9908 9906 9902 9898 9893 9888 9884 9881 9878 9877 9878 9880
3506.9170 9884 9889 9894 9901 9907 9914 9921 9927 9933 9938 9940 9940 9937
3513.1846 9933 9927 9921 9916 9911 9908 9905 9902 9900 9897 9895 9894 9894
3519.4521 9893 9893 9893 9892 9890 9888 9885 9882 9879 9876 9873 9872 9872
3525.7197 9872 9873 9874 9876 9879 9883 9888 9893 9899 9905 9909 9911 9912
3531.9871 9910 9908 9905 9904 9904 9905 9907 9908 9908 9907 9908 9908 9910
3538.2546 9912 9914 9914 9912 9908 9903 9896 9889 9882 9876 9871 9867 9865
3544.5222 9864 9864 9865 9868 9871 9874 9875 9875 9874 9873 9872 9871 9871
3550.7898 9871 9872 9873 9874 9874 9874 9874 9876 9880 9887 9895 9902 9908
3557.0571 9911 9910 9907 9903 9897 9890 9885 9879 9873 9866 9858 9849 9841
3563.3247 9834 9831 9829 9830 9831 9833 9834 9835 9836 9839 9844 9851 9859
3569.5923 9867 9874 9878 9881 9882 9884 9887 9891 9896 9902 9906 9908 9909
3575.8599 9910 9911 9913 9918 9923 9930 9935 9938 9939 9939 9938 9937 9936
3582.1272 9934 9932 9928 9923 9915 9907 9900 9894 9892 9891 9891 9892 9891
3588.3948 9890 9889 9889 9891 9893 9896 9898 9900 9901 9901 9900 9897 9894
3594.6624 9890 9886 9882 9879 9877 9875 9876 9879 9884 9890 9897 9904 9912
3600.9299 9921 9931 9941 9950 9955 9957 9955 9951 9946 9941 9938 9935 9930
3607.1973 9923 9913 9899 9884 9869 9859 9853 9852 9854 9858 9862 9864 9864
3613.4648 9863 9862 9861 9860 9859 9858 9859 9861 9863 9867 9871 9876 9882
3619.7324 9887 9891 9892 9891 9890 9888 9887 9885 9880 9871 9857 9838 9819
3626.0000 9803 9793 9788 9787 9789 9793 9798 9803 9808 9812 9817 9826 9838
3632.2676 9854 9870 9883 9890 9894 9894 9893 9893 9894 9896 9899 9902 9904
3638.5349 9906 9907 9909 9912 9914 9915 9913 9907 9896 9881 9863 9846 9832
3644.8025 9823 9817 9812 9806 9799 9790 9781 9775 9773 9775 9782 9794 9807
3651.0701 9820 9830 9836 9839 9841 9844 9848 9854 9859 9863 9867 9870 9873
3657.3376 9877 9881 9887 9893 9902 9910 9918 9925 9930 9934 9937 9940 9942
3663.6050 9942 9939 9932 9919 9902 9881 9860 9842 9829 9820 9814 9809 9804
3669.8726 9796 9786 9773 9760 9753 9755 9766 9783 9800 9813 9821 9825 9829
3676.1401 9834 9841 9850 9863 9879 9897 9913 9923 9930 9934 9937 9939 9942
3682.4077 9942 9940 9935 9925 9914 9902 9892 9883 9877 9871 9867 9865 9863
3688.6750 9863 9863 9864 9865 9868 9872 9878 9884 9889 9893 9895 9897 9897
3694.9426 9897 9895 9892 9889 9887 9885 9885 9887 9891 9898 9906 9916 9925
3701.2102 9933 9939 9943 9947 9951 9956 9963 9969 9974 9976 9974 9968 9959
3707.4778 9948 9938 9930 9927 9927 9929 9933 9935 9937 9938 9939 9940 9943
3713.7451 9947 9952 9958 9964 9968 9970 9969 9966 9959 9951 9941 9930 9921
3720.0127 9913 9906 9901 9897 9895 9895 9896 9899 9902 9906 9912 9919 9927
3726.2803 9935 9941 9945 9947 9948 9947 9945 9941 9934 9926 9916 9906 9898
3732.5479 9892 9888 9884 9881 9878 9875 9873 9871 9870 9871 9873 9878 9885
3738.8152 9891 9897 9901 9907 9914 9921 9925 9928 9929 9927 9923 9916 9907
3745.0828 9896 9884 9874 9866 9858 9849 9840 9832 9830 9833 9839 9849 9859
3751.3503 9871 9883 9897 9910 9923 9935 9945 9952 9958 9962 9964 9965 9966
3757.6179 9968 9970 9972 9973 9972 9968 9963 9957 9952 9948 9947 9949 9951
3763.8853 9951 9949 9943 9935 9925 9916 9910 9908 9909 9913 9918 9924 9928
3770.1528 9931 9932 9932 9933 9935 9939 9945 9952 9959 9963 9964 9962 9958
3776.4204 9952 9944 9937 9932 9928 9927 9926 9926 9926 9925 9924 9924 9925
3782.6880 9928 9934 9940 9947 9954 9958 9961 9961 9960 9957 9955 9953 9952
3788.9553 9952 9952 9951 9949 9945 9937 9926 9913 9901 9892 9887 9886 9888
3795.2229 9889 9890 9887 9882 9875 9868 9863 9865 9873 9885 9899 9911 9917
3801.4905 9918 9913 9907 9901 9900 9906 9916 9929 9940 9948 9953 9955 9955
3807.7581 9955 9955 9957 9960 9964 9965 9962 9954 9941 9929 9918 9910 9905
3814.0254 9902 9899 9897 9895 9892 9887 9878 9868 9858 9853 9851 9853 9855
3820.2930 9855 9852 9848 9843 9838 9836 9838 9847 9862 9880 9898 9913 9923
3826.5605 9930 9934 9936 9939 9943 9947 9950 9952 9951 9947 9941 9934 9926
3832.8281 9918 9909 9899 9889 9878 9868 9858 9851 9847 9848 9854 9861 9870
3839.0955 9877 9884 9891 9898 9908 9920 9934 9947 9960 9970 9976 9978 9975
3845.3630 9970 9964 9958 9952 9946 9939 9932 9925 9918 9910 9904 9897 9891
3851.6306 9886 9882 9878 9876 9877 9880 9885 9891 9897 9900 9902 9903 9903
3857.8982 9904 9905 9905 9904 9902 9898 9894 9891 9892 9897 9903 9910 9915
3864.1655 9917 9915 9908 9899 9890 9887 9890 9899 9908 9915 9916 9911 9902
3870.4331 9892 9885 9883 9888 9899 9915 9932 9943 9949 9948 9943 9937 9930
3876.7007 9926 9925 9927 9929 9930 9929 9926 9920 9912 9903 9892 9883 9877
3882.9683 9876 9878 9882 9886 9890 9894 9896 9898 9899 9899 9900 9902 9907
3889.2356 9913 9917 9920 9922 9922 9922 9922 9920 9919 9919 9920 9923 9929
3895.5032 9935 9940 9941 9939 9933 9926 9918 9912 9909 9909 9912 9916 9918
3901.7708 9918 9916 9913 9912 9916 9924 9936 9949 9960 9968 9971 9972 9971
3908.0383 9971 9972 9974 9976 9976 9975 9970 9963 9955 9947 9939 9935 9933
3914.3057 9933 9933 9932 9929 9925 9921 9918 9916 9916 9917 9920 9922 9925
3920.5732 9928 9930 9932 9934 9936 9939 9944 9949 9954 9958 9962 9964 9966
3926.8408 9968 9968 9968 9965 9962 9957 9952 9949 9947 9948 9950 9952 9955
3933.1084 9957 9960 9962 9966 9971 9978 9984 9988 9989 9988 9983 9977 9971
3939.3757 9966 9964 9963 9963 9962 9960 9959 9959 9960 9962 9966 9970 9972
3945.6433 9972 9970 9966 9960 9954 9950 9946 9943 9940 9937 9934 9932 9931
3951.9109 9933 9937 9943 9950 9957 9963 9968 9972 9977 9980 9982 9983 9983
3958.1785 9982 9981 9982 9984 9986 9987 9987 9986 9983 9980 9977 9973 9969
3964.4458 9963 9957 9949 9940 9930 9922 9915 9912 9912 9916 9922 9928 9934
3970.7134 9939 9943 9945 9948 9951 9956 9962 9968 9973 9977 9978 9977 9974
3976.9810 9970 9967 9967 9970 9975 9983 9989 9994 9997 9997 9997 9996 9996
3983.2485 9996 9998 9999 10001 10003 10004 10005 10004 10003 10000 9998 9996
3989.0339 9998 10001 10007 10012 10015 10014 10010 10002 9993 9986 9981 9980
3994.8193 9982 9986 9989 9990 9989 9987 9985 9985 9988 9994 10002 10011
##END= 
