##TITLE= DP30
##JCAMP-DX= 4.24
##DATA TYPE= INFRARED SPECTRUM
##ORIGIN= JASCO
##OWNER= 
##DATE= 22/06/15
##TIME= 14:47:45
##SPECTROMETER/DATA SYSTEM= 
##RESOLUTION= 
##DELTAX=   0.48211674
##XUNITS= 1/CM
##YUNITS= TRANSMITTANCE
##XFACTOR= 1.00000
##YFACTOR= 0.0001
##FIRSTX=   649.8934
##LASTX=  4000.1226
##NPOINTS=     6950
##FIRSTY=      0.94398
##MAXY=      1.00254
##MINY=      0.66714
##XYDATA= (X++(Y..Y))
649.8934 9440 9441 9438 9432 9425 9419 9417 9416 9418 9414 9408 9401 9394 9390
656.6430 9389 9395 9407 9424 9445 9466 9484 9501 9515 9529 9542 9556 9568 9577
663.3926 9583 9585 9582 9576 9572 9569 9569 9572 9578 9585 9592 9601 9609 9618
670.1423 9625 9632 9638 9641 9638 9629 9613 9591 9565 9538 9514 9497 9488 9488
676.8919 9493 9502 9510 9517 9524 9536 9555 9583 9620 9662 9705 9743 9773 9793
683.6415 9803 9806 9806 9805 9805 9805 9802 9796 9785 9771 9756 9741 9730 9721
690.3912 9716 9714 9713 9710 9705 9697 9688 9679 9675 9675 9681 9690 9698 9701
697.1408 9696 9684 9668 9653 9644 9643 9649 9659 9668 9673 9671 9662 9648 9632
703.8904 9616 9602 9589 9577 9563 9547 9528 9510 9493 9481 9473 9470 9470 9472
710.6401 9473 9473 9471 9470 9467 9465 9461 9456 9448 9436 9419 9397 9370 9337
717.3897 9299 9257 9213 9168 9123 9078 9032 8985 8937 8888 8838 8789 8741 8696
724.1393 8657 8628 8611 8608 8620 8644 8676 8713 8753 8795 8840 8888 8940 8993
730.8890 9044 9092 9131 9161 9180 9188 9188 9182 9171 9158 9142 9125 9106 9086
737.6386 9063 9039 9011 8979 8944 8904 8863 8822 8785 8753 8728 8709 8696 8688
744.3882 8684 8686 8695 8714 8742 8778 8821 8867 8914 8961 9004 9044 9081 9115
751.1379 9146 9172 9192 9204 9208 9207 9203 9197 9193 9190 9189 9190 9191 9190
757.8875 9188 9183 9175 9165 9152 9138 9122 9107 9094 9083 9074 9066 9058 9049
764.6371 9039 9030 9025 9024 9029 9040 9055 9074 9094 9114 9131 9147 9161 9174
771.3868 9187 9200 9213 9226 9238 9252 9267 9283 9300 9314 9325 9333 9340 9347
778.1364 9355 9366 9378 9390 9401 9410 9418 9426 9433 9438 9443 9446 9448 9448
784.8860 9448 9447 9447 9447 9444 9437 9423 9402 9373 9339 9300 9258 9212 9161
791.6357 9101 9029 8943 8844 8733 8615 8498 8386 8284 8195 8122 8066 8029 8013
798.3853 8019 8047 8096 8163 8246 8343 8452 8569 8693 8819 8944 9062 9169 9262
805.1349 9339 9400 9449 9487 9520 9549 9575 9599 9620 9636 9645 9646 9640 9628
811.8846 9614 9600 9588 9579 9574 9571 9570 9571 9573 9575 9579 9584 9591 9603
818.6342 9619 9640 9664 9687 9708 9727 9743 9756 9768 9778 9786 9792 9799 9805
825.3839 9811 9818 9824 9830 9837 9845 9855 9865 9875 9883 9891 9898 9905 9913
832.1335 9920 9927 9933 9937 9938 9937 9934 9927 9920 9911 9903 9895 9887 9880
838.8831 9872 9865 9857 9849 9843 9837 9833 9830 9828 9826 9825 9824 9826 9827
845.6328 9829 9831 9831 9830 9827 9824 9821 9817 9813 9809 9806 9802 9798 9792
852.3824 9786 9780 9776 9774 9773 9772 9769 9763 9754 9743 9730 9716 9702 9689
859.1320 9677 9664 9650 9635 9620 9606 9597 9593 9596 9602 9611 9620 9627 9633
865.8817 9637 9643 9650 9658 9666 9674 9677 9676 9670 9660 9649 9640 9635 9635
872.6313 9638 9642 9645 9645 9641 9634 9624 9614 9603 9592 9580 9566 9547 9524
879.3809 9495 9461 9422 9379 9332 9281 9223 9158 9087 9009 8929 8850 8779 8720
886.1306 8677 8651 8643 8651 8673 8708 8755 8816 8889 8974 9070 9172 9277 9378
892.8802 9470 9550 9615 9666 9705 9733 9753 9768 9778 9786 9791 9794 9796 9797
899.6298 9796 9793 9790 9786 9781 9777 9773 9769 9765 9760 9754 9747 9737 9725
906.3795 9712 9698 9686 9677 9671 9668 9668 9671 9676 9683 9692 9702 9714 9727
913.1291 9740 9754 9767 9778 9787 9793 9798 9802 9805 9808 9811 9812 9812 9811
919.8787 9809 9807 9805 9803 9803 9803 9802 9801 9797 9792 9786 9780 9774 9769
926.6284 9765 9761 9757 9752 9746 9739 9730 9721 9711 9701 9691 9681 9671 9660
933.3780 9648 9636 9621 9606 9590 9573 9556 9539 9523 9508 9493 9479 9464 9448
940.1276 9431 9414 9396 9378 9362 9348 9337 9327 9319 9312 9306 9302 9298 9297
946.8773 9298 9302 9311 9324 9341 9361 9381 9401 9420 9438 9455 9471 9486 9501
953.6269 9514 9527 9537 9546 9552 9557 9560 9564 9567 9572 9579 9587 9596 9605
960.3765 9614 9623 9632 9642 9652 9662 9672 9682 9692 9702 9711 9719 9726 9732
967.1262 9736 9738 9738 9737 9735 9732 9730 9728 9726 9723 9718 9713 9706 9699
973.8758 9692 9687 9684 9683 9684 9685 9686 9685 9682 9679 9674 9670 9667 9665
980.6254 9663 9663 9662 9662 9660 9658 9654 9650 9644 9639 9636 9633 9632 9630
987.3751 9628 9624 9618 9609 9598 9585 9572 9558 9546 9534 9524 9514 9504 9492
994.1247 9479 9464 9449 9435 9422 9410 9398 9387 9375 9363 9349 9334 9317 9298
1000.8743 9280 9261 9243 9227 9211 9197 9183 9171 9159 9148 9139 9130 9124
1007.1418 9119 9117 9116 9118 9120 9123 9126 9128 9130 9132 9132 9131 9129
1013.4094 9126 9121 9116 9110 9103 9095 9085 9074 9061 9046 9029 9011 8992
1019.6769 8972 8953 8933 8913 8893 8873 8850 8827 8801 8775 8747 8719 8690
1025.9445 8659 8628 8595 8562 8527 8491 8454 8417 8382 8349 8320 8297 8281
1032.2119 8273 8273 8283 8302 8331 8370 8417 8471 8532 8597 8668 8741 8818
1038.4795 8896 8974 9051 9125 9195 9260 9318 9371 9417 9459 9496 9530 9560
1044.7469 9587 9612 9633 9651 9666 9678 9687 9694 9699 9702 9704 9706 9707
1051.0145 9707 9707 9706 9705 9703 9700 9696 9693 9689 9685 9682 9679 9676
1057.2820 9675 9674 9674 9674 9673 9672 9670 9668 9666 9663 9662 9661 9660
1063.5496 9659 9656 9652 9647 9641 9633 9624 9614 9604 9593 9583 9573 9564
1069.8170 9557 9551 9546 9543 9541 9539 9538 9536 9535 9533 9531 9527 9522
1076.0846 9515 9507 9499 9491 9482 9471 9460 9447 9433 9419 9407 9397 9388
1082.3521 9382 9377 9371 9364 9355 9344 9332 9320 9309 9298 9289 9278 9267
1088.6196 9252 9236 9216 9195 9173 9149 9125 9101 9076 9051 9025 8998 8971
1094.8871 8944 8917 8891 8868 8849 8834 8825 8821 8821 8826 8834 8845 8858
1101.1547 8873 8888 8904 8920 8936 8951 8965 8976 8985 8989 8989 8986 8979
1107.4221 8968 8955 8940 8923 8904 8884 8861 8836 8809 8779 8748 8715 8683
1113.6897 8651 8619 8589 8559 8530 8503 8480 8461 8448 8441 8440 8446 8457
1119.9572 8473 8493 8516 8541 8570 8601 8635 8670 8707 8743 8778 8810 8838
1126.2247 8862 8882 8898 8912 8923 8932 8940 8945 8948 8948 8945 8939 8931
1132.4922 8922 8913 8904 8895 8887 8877 8868 8857 8846 8833 8819 8806 8793
1138.7598 8780 8767 8753 8737 8720 8702 8683 8663 8644 8624 8605 8587 8568
1145.0272 8549 8529 8511 8493 8478 8465 8454 8443 8432 8420 8408 8395 8383
1151.2948 8370 8358 8347 8334 8321 8307 8292 8275 8258 8240 8222 8205 8188
1157.5623 8171 8154 8137 8120 8101 8082 8061 8040 8018 7997 7976 7955 7935
1163.8298 7916 7897 7879 7860 7842 7826 7812 7800 7790 7783 7777 7773 7771
1170.0973 7772 7777 7784 7795 7809 7827 7849 7874 7902 7933 7966 8001 8037
1176.3649 8075 8114 8153 8191 8227 8261 8293 8320 8344 8363 8379 8391 8399
1182.6323 8402 8402 8398 8390 8381 8370 8359 8348 8337 8327 8317 8308 8300
1188.8999 8293 8287 8282 8279 8277 8277 8276 8275 8272 8268 8263 8257 8250
1195.1674 8241 8231 8220 8207 8193 8177 8159 8140 8119 8095 8070 8042 8012
1201.4349 7980 7946 7910 7872 7833 7793 7751 7707 7661 7612 7561 7507 7451
1207.7024 7394 7337 7280 7222 7165 7108 7051 6994 6938 6885 6835 6790 6751
1213.9700 6719 6695 6679 6671 6672 6680 6698 6724 6760 6804 6858 6919 6987
1220.2374 7060 7138 7219 7302 7387 7472 7558 7642 7725 7806 7884 7958 8030
1226.5050 8098 8163 8225 8284 8340 8393 8444 8492 8537 8581 8623 8663 8703
1232.7725 8742 8780 8816 8852 8886 8919 8951 8982 9012 9041 9070 9098 9125
1239.0400 9150 9173 9194 9212 9229 9244 9257 9269 9279 9287 9293 9295 9295
1245.3075 9293 9288 9281 9272 9263 9252 9240 9226 9210 9193 9174 9153 9131
1251.5751 9109 9085 9060 9034 9009 8983 8959 8937 8917 8900 8888 8880 8878
1257.8425 8881 8889 8903 8923 8948 8977 9011 9048 9087 9127 9168 9207 9245
1264.1101 9280 9313 9344 9373 9398 9421 9441 9457 9470 9479 9487 9492 9496
1270.3776 9499 9500 9501 9500 9497 9492 9486 9478 9468 9457 9444 9429 9413
1276.6451 9393 9370 9344 9314 9281 9246 9209 9171 9133 9096 9061 9029 9003
1282.9126 8983 8971 8969 8976 8992 9017 9049 9088 9133 9182 9235 9290 9346
1289.1802 9401 9453 9502 9546 9583 9615 9641 9661 9677 9689 9697 9703 9707
1295.4476 9709 9709 9708 9705 9701 9696 9690 9684 9677 9670 9663 9656 9647
1301.7152 9638 9627 9615 9601 9586 9570 9554 9537 9519 9501 9482 9462 9441
1307.9827 9420 9397 9373 9348 9324 9299 9276 9253 9232 9212 9193 9176 9160
1314.2502 9146 9136 9130 9128 9133 9142 9157 9177 9200 9227 9256 9287 9320
1320.5177 9355 9390 9426 9460 9493 9523 9550 9573 9593 9610 9624 9636 9646
1326.7853 9654 9660 9664 9666 9665 9663 9658 9652 9645 9638 9629 9618 9606
1333.0527 9591 9573 9553 9531 9506 9479 9451 9420 9387 9352 9314 9274 9230
1339.3203 9183 9133 9083 9032 8983 8938 8897 8864 8838 8820 8810 8809 8815
1345.5878 8828 8848 8873 8904 8940 8978 9016 9054 9088 9118 9141 9158 9167
1351.8553 9170 9167 9159 9147 9131 9111 9088 9062 9034 9004 8972 8939 8906
1358.1228 8873 8841 8808 8776 8745 8714 8683 8652 8621 8590 8559 8529 8499
1364.3904 8471 8446 8425 8408 8397 8391 8392 8399 8413 8434 8461 8494 8534
1370.6578 8579 8630 8686 8745 8805 8866 8925 8982 9035 9086 9134 9178 9220
1376.9254 9260 9296 9329 9360 9386 9410 9432 9451 9468 9482 9494 9504 9513
1383.1929 9519 9525 9530 9534 9538 9540 9542 9542 9540 9537 9533 9529 9525
1389.4604 9520 9514 9506 9498 9487 9476 9464 9452 9439 9426 9413 9399 9385
1395.7279 9370 9356 9341 9327 9312 9298 9282 9266 9247 9228 9207 9185 9163
1401.9955 9142 9121 9100 9078 9055 9030 9004 8976 8948 8918 8888 8857 8825
1408.2629 8792 8758 8722 8684 8647 8610 8574 8541 8510 8483 8460 8441 8426
1414.5305 8415 8410 8412 8423 8441 8465 8492 8522 8554 8585 8617 8647 8677
1420.7980 8706 8734 8760 8784 8803 8816 8822 8823 8819 8812 8803 8792 8780
1427.0656 8767 8752 8735 8715 8692 8666 8636 8604 8571 8536 8500 8462 8425
1433.3330 8389 8357 8329 8305 8287 8274 8269 8270 8279 8294 8314 8339 8367
1439.6006 8398 8431 8463 8492 8518 8539 8555 8567 8573 8575 8573 8568 8564
1445.8680 8559 8554 8551 8549 8549 8553 8560 8572 8588 8607 8628 8650 8672
1452.1356 8693 8712 8731 8749 8767 8786 8803 8820 8834 8847 8858 8868 8878
1458.4031 8888 8898 8908 8918 8928 8937 8947 8957 8969 8980 8992 9004 9016
1464.6707 9028 9039 9050 9060 9070 9079 9085 9089 9090 9087 9081 9073 9064
1470.9381 9054 9042 9027 9010 8991 8971 8951 8931 8911 8891 8871 8850 8827
1477.2057 8802 8774 8744 8713 8681 8648 8615 8580 8545 8508 8470 8432 8395
1483.4731 8358 8324 8292 8263 8238 8217 8203 8197 8199 8210 8227 8249 8278
1489.7407 8310 8347 8386 8426 8466 8507 8547 8586 8622 8653 8678 8699 8717
1496.0082 8732 8745 8756 8766 8775 8785 8796 8807 8817 8826 8833 8838 8840
1502.2758 8837 8830 8821 8812 8805 8801 8798 8796 8794 8792 8789 8786 8783
1508.5432 8780 8778 8778 8781 8783 8781 8774 8761 8741 8717 8689 8658 8627
1514.8108 8596 8563 8530 8495 8458 8418 8376 8334 8295 8258 8223 8190 8157
1521.0782 8123 8088 8051 8015 7979 7945 7914 7886 7860 7835 7810 7782 7754
1527.3458 7725 7694 7664 7633 7603 7574 7546 7518 7489 7460 7429 7396 7362
1533.6133 7326 7288 7248 7208 7169 7132 7101 7074 7050 7029 7013 7003 6999
1539.8809 7001 7009 7024 7048 7083 7127 7179 7234 7288 7342 7396 7450 7503
1546.1483 7558 7617 7678 7744 7810 7874 7935 7991 8046 8101 8160 8223 8288
1552.4159 8353 8417 8476 8529 8576 8617 8658 8704 8755 8810 8867 8921 8972
1558.6833 9018 9061 9102 9142 9181 9221 9261 9301 9339 9369 9393 9409 9421
1564.9509 9427 9429 9427 9424 9421 9418 9415 9412 9408 9402 9394 9384 9371
1571.2184 9357 9342 9325 9307 9290 9273 9256 9238 9220 9201 9181 9161 9142
1577.4860 9123 9105 9089 9076 9064 9056 9048 9040 9033 9025 9019 9015 9013
1583.7534 9014 9017 9022 9029 9038 9049 9062 9077 9094 9112 9131 9149 9167
1590.0210 9184 9200 9216 9231 9245 9258 9269 9279 9286 9292 9294 9295 9294
1596.2885 9290 9285 9278 9269 9257 9244 9228 9210 9190 9168 9145 9121 9096
1602.5560 9071 9047 9023 9001 8981 8963 8948 8937 8930 8928 8930 8937 8949
1608.8235 8964 8985 9009 9036 9066 9097 9129 9160 9191 9223 9255 9287 9320
1615.0911 9351 9382 9411 9439 9464 9489 9511 9532 9552 9571 9591 9609 9625
1621.3585 9639 9651 9662 9671 9678 9683 9688 9691 9694 9697 9700 9703 9705
1627.6261 9706 9706 9704 9702 9699 9695 9691 9687 9680 9671 9660 9649 9638
1633.8936 9627 9618 9609 9600 9592 9583 9573 9562 9552 9542 9534 9528 9522
1640.1611 9516 9508 9497 9483 9466 9446 9423 9399 9375 9351 9327 9302 9276
1646.4287 9249 9219 9188 9154 9117 9077 9033 8987 8945 8906 8868 8829 8790
1652.6962 8750 8709 8668 8627 8587 8548 8511 8476 8445 8415 8382 8345 8306
1658.9637 8267 8230 8197 8167 8142 8121 8106 8096 8091 8092 8099 8111 8130
1665.2312 8157 8191 8233 8278 8326 8375 8423 8470 8515 8557 8594 8626 8653
1671.4988 8673 8685 8688 8681 8666 8641 8610 8573 8530 8482 8429 8374 8316
1677.7662 8258 8199 8142 8085 8029 7976 7934 7909 7898 7897 7903 7917 7938
1684.0338 7967 8004 8051 8109 8176 8254 8340 8433 8522 8601 8674 8744 8813
1690.3013 8881 8946 9008 9064 9115 9161 9204 9242 9277 9308 9335 9357 9377
1696.5688 9394 9413 9434 9458 9483 9509 9535 9560 9583 9603 9622 9640 9658
1702.8363 9676 9696 9717 9735 9749 9762 9772 9782 9791 9800 9810 9820 9830
1709.1039 9841 9851 9860 9868 9874 9879 9883 9886 9888 9887 9885 9881 9877
1715.3713 9874 9873 9873 9875 9878 9881 9885 9889 9892 9896 9900 9906 9914
1721.6389 9923 9931 9938 9942 9945 9947 9947 9947 9945 9942 9940 9937 9934
1727.9064 9932 9928 9924 9918 9909 9898 9888 9880 9874 9871 9868 9867 9867
1734.1740 9867 9866 9866 9866 9867 9870 9875 9883 9890 9894 9896 9897 9895
1740.4414 9894 9893 9892 9892 9892 9893 9893 9892 9890 9887 9885 9883 9882
1746.7090 9882 9882 9881 9881 9881 9882 9883 9886 9889 9892 9897 9901 9904
1752.9764 9907 9910 9912 9916 9921 9926 9932 9936 9940 9942 9943 9943 9943
1759.2440 9944 9946 9949 9953 9957 9960 9963 9964 9964 9964 9963 9962 9961
1765.5115 9962 9963 9964 9963 9961 9957 9952 9947 9943 9942 9942 9943 9945
1771.7791 9948 9952 9955 9957 9960 9964 9969 9975 9981 9987 9991 9993 9994
1778.0465 9995 9996 9997 9999 10001 10002 10003 10005 10006 10008 10009 10011
1783.8319 10013 10015 10016 10017 10016 10013 10010 10005 10000 9994 9987 9982
1789.6173 9977 9973 9970 9967 9965 9964 9963 9964 9966 9969 9972 9976 9980
1795.8849 9983 9985 9986 9986 9985 9984 9984 9984 9985 9986 9987 9988 9989
1802.1523 9989 9990 9992 9995 9998 10001 10005 10007 10009 10010 10010 10009
1807.9377 10009 10008 10008 10009 10009 10010 10010 10011 10011 10010 10010
1813.2411 10009 10008 10007 10007 10008 10008 10008 10009 10008 10008 10007
1818.5443 10006 10005 10005 10004 10004 10003 10001 9999 9996 9992 9989 9986
1824.3297 9982 9978 9973 9967 9961 9955 9951 9948 9947 9947 9948 9948 9949
1830.5973 9950 9952 9955 9960 9965 9971 9977 9982 9985 9988 9989 9989 9988
1836.8647 9987 9987 9986 9985 9984 9983 9981 9978 9975 9972 9969 9967 9966
1843.1323 9965 9964 9964 9963 9963 9962 9962 9962 9964 9966 9969 9972 9974
1849.3998 9975 9975 9975 9975 9975 9976 9977 9979 9980 9981 9981 9982 9982
1855.6674 9983 9983 9983 9983 9983 9982 9982 9981 9979 9977 9975 9973 9970
1861.9348 9967 9964 9959 9955 9950 9945 9940 9936 9932 9929 9926 9923 9921
1868.2024 9920 9920 9921 9923 9926 9931 9938 9945 9951 9957 9962 9965 9967
1874.4698 9969 9970 9970 9971 9971 9970 9969 9968 9966 9964 9962 9961 9959
1880.7374 9957 9954 9952 9950 9948 9947 9947 9948 9948 9947 9946 9944 9943
1887.0049 9943 9944 9946 9950 9953 9955 9955 9954 9951 9949 9946 9944 9944
1893.2725 9943 9943 9943 9944 9944 9945 9945 9946 9947 9948 9949 9949 9948
1899.5399 9947 9946 9945 9943 9942 9941 9939 9937 9935 9933 9930 9929 9927
1905.8075 9927 9929 9931 9934 9938 9941 9944 9946 9949 9952 9955 9957 9959
1912.0750 9961 9961 9960 9957 9952 9947 9942 9939 9936 9935 9934 9933 9932
1918.3425 9931 9930 9931 9932 9934 9938 9942 9947 9950 9952 9952 9951 9949
1924.6100 9946 9944 9943 9942 9943 9943 9944 9945 9945 9945 9943 9940 9937
1930.8776 9935 9935 9935 9937 9939 9941 9942 9943 9944 9945 9947 9949 9952
1937.1450 9954 9955 9955 9953 9950 9947 9944 9941 9939 9936 9932 9929 9925
1943.4126 9923 9923 9925 9928 9934 9940 9945 9950 9955 9959 9964 9968 9973
1949.6801 9976 9978 9978 9976 9971 9965 9959 9953 9948 9944 9939 9935 9931
1955.9476 9928 9925 9923 9924 9926 9930 9935 9941 9948 9955 9961 9967 9971
1962.2151 9972 9971 9969 9966 9964 9961 9960 9959 9957 9954 9949 9944 9940
1968.4827 9936 9935 9937 9941 9947 9952 9955 9957 9956 9956 9956 9957 9960
1974.7501 9964 9968 9971 9973 9973 9972 9972 9972 9973 9975 9978 9981 9983
1981.0177 9984 9983 9981 9978 9976 9974 9972 9969 9965 9962 9959 9957 9957
1987.2852 9957 9957 9955 9952 9948 9944 9941 9939 9939 9941 9945 9948 9950
1993.5527 9950 9948 9945 9943 9942 9942 9944 9946 9948 9948 9948 9946 9943
1999.8202 9940 9937 9935 9933 9933 9934 9936 9938 9941 9944 9946 9948 9948
2006.0878 9948 9948 9948 9948 9948 9948 9947 9945 9944 9942 9939 9937 9934
2012.3552 9932 9930 9929 9929 9929 9929 9927 9925 9922 9919 9916 9915 9914
2018.6228 9915 9916 9917 9919 9921 9924 9928 9932 9938 9944 9949 9953 9956
2024.8903 9957 9957 9957 9957 9958 9958 9958 9957 9954 9951 9947 9945 9945
2031.1578 9946 9949 9951 9953 9954 9955 9956 9957 9957 9958 9960 9963 9967
2037.4253 9971 9974 9976 9978 9979 9979 9978 9975 9972 9967 9963 9960 9958
2043.6929 9955 9953 9950 9947 9944 9943 9942 9942 9944 9946 9950 9954 9957
2049.9604 9959 9959 9957 9954 9950 9946 9942 9938 9934 9931 9929 9928 9929
2056.2278 9929 9930 9931 9932 9933 9934 9935 9935 9936 9937 9938 9939 9939
2062.4954 9939 9938 9936 9933 9929 9926 9923 9922 9921 9922 9924 9925 9927
2068.7629 9928 9928 9928 9928 9928 9930 9932 9936 9939 9942 9944 9944 9943
2075.0305 9942 9940 9938 9937 9936 9935 9935 9934 9935 9935 9936 9938 9939
2081.2979 9941 9942 9943 9943 9943 9942 9941 9939 9937 9935 9933 9930 9928
2087.5654 9927 9927 9927 9929 9930 9931 9932 9932 9931 9930 9929 9929 9929
2093.8330 9930 9930 9930 9928 9926 9924 9922 9921 9920 9921 9922 9924 9926
2100.1006 9927 9929 9930 9931 9932 9933 9934 9935 9936 9938 9938 9938 9937
2106.3679 9936 9934 9932 9929 9927 9925 9923 9922 9920 9919 9917 9916 9916
2112.6355 9917 9919 9921 9924 9927 9930 9933 9937 9940 9944 9947 9949 9950
2118.9031 9950 9949 9947 9945 9942 9940 9938 9936 9934 9931 9928 9925 9923
2125.1707 9922 9923 9924 9926 9928 9931 9934 9936 9939 9942 9945 9947 9949
2131.4380 9951 9951 9951 9951 9950 9949 9948 9947 9946 9946 9947 9948 9948
2137.7056 9948 9947 9946 9945 9943 9943 9943 9944 9946 9949 9953 9956 9960
2143.9731 9963 9966 9969 9971 9973 9975 9976 9978 9979 9981 9982 9983 9983
2150.2407 9981 9977 9971 9966 9960 9956 9952 9949 9947 9945 9944 9944 9944
2156.5081 9944 9945 9945 9944 9944 9943 9942 9942 9944 9946 9949 9952 9954
2162.7756 9955 9955 9953 9951 9949 9949 9949 9951 9952 9954 9954 9953 9952
2169.0432 9950 9949 9948 9948 9949 9951 9954 9957 9961 9964 9968 9972 9975
2175.3108 9978 9980 9981 9980 9978 9975 9971 9967 9963 9960 9956 9952 9947
2181.5781 9942 9937 9933 9930 9929 9930 9931 9934 9936 9938 9939 9941 9943
2187.8457 9945 9948 9952 9955 9957 9959 9959 9958 9957 9955 9954 9952 9951
2194.1133 9951 9951 9951 9951 9951 9950 9950 9949 9948 9948 9950 9952 9954
2200.3809 9956 9957 9956 9954 9951 9947 9945 9945 9945 9947 9948 9949 9948
2206.6482 9947 9946 9946 9947 9950 9954 9958 9961 9963 9965 9964 9962 9959
2212.9158 9956 9953 9949 9946 9943 9939 9936 9932 9929 9927 9927 9927 9928
2219.1833 9931 9933 9935 9938 9940 9942 9943 9944 9946 9947 9948 9950 9953
2225.4509 9954 9955 9954 9953 9952 9950 9949 9949 9950 9952 9954 9955 9955
2231.7183 9953 9949 9944 9940 9938 9936 9936 9937 9936 9935 9933 9930 9928
2237.9858 9927 9927 9929 9931 9933 9935 9935 9935 9934 9933 9932 9930 9930
2244.2534 9929 9927 9926 9923 9921 9918 9915 9913 9911 9909 9910 9913 9918
2250.5210 9924 9931 9937 9942 9945 9947 9948 9949 9950 9952 9954 9955 9955
2256.7883 9953 9949 9943 9937 9932 9929 9927 9928 9930 9932 9935 9937 9938
2263.0559 9938 9937 9935 9933 9930 9928 9926 9923 9921 9919 9916 9914 9912
2269.3235 9911 9910 9911 9912 9914 9916 9918 9919 9920 9920 9920 9921 9921
2275.5911 9922 9922 9922 9923 9923 9923 9924 9925 9926 9927 9928 9929 9929
2281.8584 9929 9927 9925 9923 9921 9919 9918 9918 9919 9921 9922 9922 9922
2288.1260 9922 9921 9920 9918 9917 9916 9915 9915 9913 9911 9909 9907 9904
2294.3936 9902 9900 9898 9897 9896 9897 9897 9899 9901 9904 9906 9908 9910
2300.6611 9911 9912 9912 9912 9911 9910 9908 9906 9902 9896 9890 9884 9879
2306.9285 9874 9871 9868 9866 9863 9859 9856 9852 9850 9850 9851 9854 9857
2313.1960 9861 9864 9865 9866 9865 9864 9863 9863 9863 9863 9861 9858 9854
2319.4636 9849 9843 9836 9831 9827 9825 9826 9828 9831 9834 9837 9840 9842
2325.7312 9845 9848 9851 9852 9851 9847 9842 9837 9831 9826 9821 9817 9813
2331.9985 9810 9808 9807 9806 9806 9807 9808 9810 9812 9814 9817 9818 9819
2338.2661 9818 9818 9817 9817 9818 9819 9821 9823 9827 9832 9838 9843 9848
2344.5337 9851 9853 9854 9854 9853 9850 9846 9841 9837 9834 9831 9828 9824
2350.8013 9819 9815 9810 9805 9799 9794 9789 9784 9781 9780 9782 9787 9791
2357.0686 9794 9794 9789 9781 9771 9762 9754 9749 9747 9746 9747 9748 9747
2363.3362 9744 9740 9736 9734 9735 9740 9748 9759 9772 9787 9801 9813 9822
2369.6038 9827 9829 9828 9827 9826 9827 9829 9832 9836 9838 9839 9839 9838
2375.8713 9838 9840 9844 9849 9857 9865 9874 9881 9888 9893 9897 9901 9904
2382.1387 9906 9909 9912 9914 9915 9916 9915 9915 9914 9914 9914 9915 9916
2388.4063 9917 9917 9917 9918 9918 9918 9919 9919 9920 9920 9920 9921 9921
2394.6738 9922 9923 9925 9926 9927 9927 9927 9927 9927 9927 9928 9928 9929
2400.9414 9930 9931 9932 9933 9934 9935 9936 9938 9939 9941 9943 9944 9946
2407.2087 9947 9948 9950 9951 9952 9953 9953 9953 9951 9949 9947 9944 9940
2413.4763 9938 9936 9934 9933 9932 9932 9931 9931 9931 9931 9933 9934 9936
2419.7439 9939 9942 9945 9948 9950 9951 9951 9951 9950 9950 9950 9950 9950
2426.0115 9950 9950 9948 9946 9944 9942 9941 9941 9941 9941 9942 9943 9943
2432.2788 9942 9941 9940 9940 9940 9941 9942 9943 9944 9944 9944 9944 9943
2438.5464 9943 9944 9944 9944 9944 9944 9943 9942 9942 9941 9941 9942 9942
2444.8140 9943 9943 9942 9941 9940 9939 9938 9938 9939 9940 9942 9943 9944
2451.0815 9945 9944 9944 9943 9943 9942 9943 9943 9944 9945 9945 9945 9944
2457.3489 9943 9941 9939 9938 9937 9936 9935 9935 9934 9933 9932 9931 9929
2463.6165 9928 9926 9925 9923 9922 9922 9922 9922 9924 9926 9929 9932 9936
2469.8840 9938 9940 9941 9941 9942 9942 9943 9943 9944 9944 9944 9943 9942
2476.1516 9939 9936 9933 9930 9928 9927 9928 9929 9931 9933 9934 9934 9934
2482.4189 9934 9933 9933 9934 9936 9938 9939 9940 9939 9938 9935 9933 9931
2488.6865 9930 9930 9930 9931 9932 9932 9931 9931 9932 9933 9934 9935 9936
2494.9541 9936 9936 9935 9934 9932 9930 9928 9925 9923 9922 9920 9919 9918
2501.2217 9918 9917 9916 9914 9913 9911 9911 9911 9913 9916 9919 9921 9922
2507.4890 9921 9920 9919 9919 9920 9921 9923 9924 9924 9924 9923 9922 9922
2513.7566 9922 9923 9925 9929 9932 9936 9938 9940 9941 9942 9942 9941 9939
2520.0242 9938 9935 9932 9929 9925 9921 9918 9915 9913 9913 9913 9914 9916
2526.2917 9918 9920 9923 9925 9928 9930 9932 9934 9935 9936 9937 9936 9936
2532.5591 9935 9934 9933 9932 9930 9927 9925 9923 9920 9919 9918 9917 9917
2538.8267 9917 9916 9915 9914 9913 9913 9913 9914 9916 9918 9920 9922 9922
2545.0942 9921 9920 9919 9918 9917 9917 9917 9917 9916 9915 9915 9913 9912
2551.3618 9911 9911 9911 9911 9912 9913 9913 9913 9913 9913 9914 9914 9915
2557.6292 9916 9917 9918 9919 9920 9920 9920 9921 9921 9923 9924 9925 9926
2563.8967 9926 9926 9925 9924 9923 9922 9921 9921 9920 9920 9920 9919 9918
2570.1643 9917 9916 9915 9914 9913 9913 9913 9915 9917 9919 9921 9924 9925
2576.4319 9926 9925 9924 9923 9921 9921 9921 9921 9921 9920 9918 9916 9912
2582.6992 9908 9906 9904 9904 9905 9906 9907 9908 9907 9906 9904 9903 9902
2588.9668 9902 9902 9903 9905 9906 9908 9909 9909 9910 9910 9910 9911 9911
2595.2344 9911 9910 9909 9908 9906 9904 9901 9898 9896 9894 9893 9892 9891
2601.5020 9891 9890 9891 9891 9893 9895 9897 9900 9904 9908 9912 9915 9918
2607.7693 9921 9922 9923 9924 9923 9923 9922 9921 9919 9917 9915 9912 9909
2614.0369 9907 9905 9904 9905 9906 9907 9908 9908 9909 9909 9910 9911 9912
2620.3044 9913 9913 9912 9911 9908 9906 9903 9901 9900 9900 9901 9902 9902
2626.5720 9902 9902 9902 9901 9902 9902 9904 9905 9906 9907 9907 9905 9903
2632.8396 9901 9900 9900 9901 9903 9906 9908 9909 9910 9910 9910 9911 9911
2639.1069 9912 9912 9911 9910 9908 9905 9902 9899 9896 9894 9893 9893 9893
2645.3745 9894 9895 9897 9898 9900 9902 9904 9906 9907 9907 9907 9906 9904
2651.6421 9903 9902 9901 9900 9900 9899 9899 9897 9896 9894 9893 9894 9895
2657.9097 9897 9899 9901 9901 9901 9900 9898 9896 9895 9894 9894 9895 9896
2664.1770 9896 9896 9896 9895 9895 9895 9895 9896 9897 9897 9897 9896 9895
2670.4446 9893 9891 9889 9887 9885 9884 9882 9881 9881 9880 9880 9881 9882
2676.7122 9885 9887 9889 9892 9893 9895 9896 9896 9896 9896 9895 9894 9893
2682.9797 9891 9890 9889 9889 9888 9887 9886 9885 9884 9883 9883 9882 9883
2689.2471 9883 9885 9886 9887 9887 9887 9886 9886 9885 9885 9884 9885 9885
2695.5146 9885 9885 9884 9883 9882 9880 9879 9879 9879 9879 9880 9881 9881
2701.7822 9882 9882 9881 9881 9880 9880 9880 9880 9879 9879 9878 9877 9875
2708.0498 9874 9874 9874 9875 9877 9879 9881 9882 9884 9884 9884 9884 9884
2714.3171 9884 9884 9883 9882 9880 9878 9875 9873 9871 9869 9867 9865 9865
2720.5847 9865 9865 9866 9867 9868 9869 9869 9869 9868 9867 9866 9866 9865
2726.8523 9864 9864 9864 9864 9864 9864 9865 9867 9869 9871 9873 9875 9877
2733.1199 9879 9881 9882 9883 9884 9884 9883 9882 9881 9879 9877 9874 9872
2739.3872 9869 9867 9866 9864 9864 9864 9864 9865 9866 9867 9868 9869 9869
2745.6548 9870 9870 9871 9871 9872 9872 9871 9870 9869 9867 9865 9864 9862
2751.9224 9862 9861 9861 9861 9861 9861 9860 9860 9861 9862 9863 9865 9866
2758.1899 9868 9869 9870 9871 9872 9872 9872 9873 9873 9873 9873 9873 9872
2764.4573 9872 9871 9870 9870 9870 9870 9870 9869 9868 9867 9866 9865 9864
2770.7249 9863 9862 9861 9860 9860 9859 9858 9858 9858 9858 9858 9859 9859
2776.9924 9859 9859 9858 9857 9856 9856 9855 9855 9855 9856 9857 9858 9859
2783.2600 9859 9860 9861 9862 9863 9863 9864 9864 9864 9864 9863 9861 9859
2789.5273 9857 9856 9855 9855 9855 9855 9856 9856 9856 9855 9855 9854 9853
2795.7949 9853 9853 9854 9855 9855 9854 9853 9851 9850 9849 9849 9849 9850
2802.0625 9852 9852 9852 9850 9848 9846 9844 9842 9841 9840 9839 9838 9837
2808.3301 9836 9835 9834 9833 9832 9832 9832 9832 9832 9833 9833 9834 9834
2814.5974 9835 9835 9835 9834 9834 9834 9834 9834 9834 9834 9834 9833 9833
2820.8650 9832 9831 9829 9826 9823 9819 9815 9810 9806 9802 9798 9795 9791
2827.1326 9788 9784 9779 9775 9772 9769 9767 9765 9764 9762 9761 9759 9756
2833.4001 9754 9752 9751 9750 9751 9751 9752 9752 9753 9754 9755 9756 9758
2839.6675 9760 9762 9765 9768 9771 9775 9778 9782 9786 9790 9794 9799 9803
2845.9351 9807 9811 9814 9816 9818 9819 9820 9821 9822 9822 9822 9821 9821
2852.2026 9820 9820 9819 9819 9820 9820 9821 9821 9822 9823 9823 9823 9823
2858.4702 9822 9822 9821 9819 9818 9816 9814 9812 9811 9809 9807 9806 9805
2864.7375 9805 9806 9807 9808 9810 9811 9812 9814 9816 9818 9819 9820 9820
2871.0051 9820 9818 9816 9815 9813 9811 9810 9809 9808 9807 9806 9805 9804
2877.2727 9802 9801 9799 9798 9797 9795 9794 9792 9790 9789 9788 9787 9787
2883.5403 9787 9787 9788 9789 9790 9791 9792 9793 9794 9794 9794 9793 9792
2889.8076 9790 9788 9785 9783 9780 9778 9775 9772 9770 9768 9766 9765 9763
2896.0752 9762 9761 9759 9757 9755 9754 9753 9752 9752 9751 9751 9750 9750
2902.3428 9749 9748 9747 9747 9746 9745 9743 9741 9739 9737 9735 9734 9732
2908.6104 9730 9728 9726 9724 9721 9719 9717 9716 9715 9715 9715 9716 9718
2914.8777 9718 9719 9720 9720 9721 9722 9722 9723 9724 9725 9726 9728 9729
2921.1453 9730 9730 9728 9726 9724 9722 9720 9719 9719 9720 9722 9724 9726
2927.4128 9728 9729 9731 9733 9735 9738 9741 9744 9745 9745 9744 9742 9738
2933.6804 9734 9730 9725 9720 9716 9711 9708 9705 9703 9703 9704 9706 9709
2939.9478 9712 9715 9719 9723 9727 9730 9734 9736 9739 9740 9741 9741 9741
2946.2153 9741 9742 9743 9743 9744 9744 9743 9743 9744 9745 9746 9748 9749
2952.4829 9750 9751 9751 9752 9752 9753 9754 9755 9757 9758 9759 9758 9757
2958.7505 9756 9754 9753 9753 9753 9753 9752 9751 9749 9748 9746 9745 9745
2965.0178 9746 9746 9747 9747 9747 9747 9747 9747 9748 9749 9751 9753 9756
2971.2854 9758 9761 9763 9765 9767 9769 9771 9774 9777 9780 9783 9787 9790
2977.5530 9792 9793 9794 9794 9794 9794 9794 9795 9795 9795 9794 9793 9791
2983.8206 9788 9786 9783 9780 9777 9774 9771 9768 9765 9762 9758 9753 9748
2990.0879 9743 9737 9733 9729 9726 9724 9724 9723 9724 9725 9726 9728 9730
2996.3555 9734 9738 9742 9747 9751 9755 9758 9761 9764 9767 9770 9773 9775
3002.6230 9777 9778 9780 9781 9781 9782 9783 9784 9785 9785 9786 9786 9786
3008.8906 9785 9783 9782 9782 9782 9782 9783 9783 9783 9782 9781 9779 9778
3015.1580 9777 9778 9779 9780 9782 9783 9783 9784 9785 9786 9788 9791 9792
3021.4255 9794 9794 9793 9791 9790 9788 9788 9787 9787 9787 9786 9783 9780
3027.6931 9777 9775 9774 9774 9776 9777 9779 9780 9780 9779 9779 9778 9777
3033.9607 9777 9778 9778 9778 9778 9777 9776 9775 9773 9772 9771 9772 9773
3040.2280 9775 9777 9780 9783 9786 9788 9789 9790 9791 9792 9793 9795 9797
3046.4956 9798 9799 9799 9798 9798 9797 9796 9796 9796 9795 9794 9793 9793
3052.7632 9793 9793 9794 9794 9795 9795 9795 9795 9794 9794 9794 9795 9797
3059.0308 9799 9800 9801 9801 9800 9799 9797 9795 9794 9793 9792 9790 9789
3065.2981 9787 9785 9784 9782 9781 9779 9779 9780 9780 9782 9783 9783 9784
3071.5657 9784 9786 9787 9790 9792 9794 9795 9796 9796 9795 9795 9795 9795
3077.8333 9796 9798 9800 9802 9803 9802 9802 9801 9799 9798 9796 9796 9795
3084.1008 9796 9797 9798 9799 9800 9799 9798 9797 9795 9795 9795 9796 9797
3090.3682 9799 9800 9799 9798 9796 9794 9792 9791 9791 9790 9789 9788 9786
3096.6357 9784 9782 9781 9781 9781 9780 9780 9779 9777 9776 9776 9777 9779
3102.9033 9783 9787 9791 9795 9798 9800 9801 9801 9801 9802 9802 9803 9804
3109.1709 9804 9803 9801 9799 9796 9793 9792 9792 9793 9796 9798 9801 9803
3115.4382 9805 9806 9808 9809 9810 9810 9810 9808 9805 9802 9797 9794 9791
3121.7058 9788 9786 9785 9783 9782 9780 9779 9780 9781 9782 9784 9786 9787
3127.9734 9787 9787 9788 9788 9789 9789 9789 9789 9789 9790 9791 9792 9794
3134.2410 9796 9797 9798 9798 9798 9798 9797 9797 9796 9796 9797 9797 9798
3140.5083 9798 9798 9798 9798 9798 9799 9799 9799 9799 9800 9802 9804 9807
3146.7759 9809 9809 9809 9808 9805 9803 9800 9797 9795 9793 9791 9790 9788
3153.0435 9786 9783 9779 9775 9772 9770 9769 9769 9770 9770 9771 9771 9772
3159.3110 9772 9773 9773 9775 9777 9779 9782 9785 9787 9788 9790 9790 9790
3165.5784 9789 9787 9785 9783 9781 9778 9777 9775 9773 9772 9771 9771 9771
3171.8459 9771 9771 9771 9772 9773 9774 9776 9777 9777 9777 9776 9774 9771
3178.1135 9769 9768 9767 9767 9767 9766 9765 9764 9762 9759 9756 9753 9751
3184.3811 9748 9746 9744 9744 9744 9745 9746 9747 9749 9750 9751 9751 9752
3190.6484 9752 9753 9754 9755 9755 9754 9752 9749 9745 9741 9737 9733 9730
3196.9160 9729 9728 9727 9726 9724 9722 9719 9717 9714 9712 9710 9708 9706
3203.1836 9704 9702 9700 9699 9699 9699 9701 9703 9704 9705 9705 9704 9702
3209.4512 9701 9701 9700 9700 9699 9697 9694 9691 9686 9681 9676 9670 9665
3215.7185 9661 9658 9655 9652 9648 9644 9639 9634 9628 9623 9619 9616 9614
3221.9861 9614 9613 9613 9612 9610 9607 9602 9597 9592 9587 9582 9578 9573
3228.2537 9568 9562 9555 9549 9542 9536 9531 9528 9527 9527 9528 9528 9528
3234.5212 9527 9525 9523 9522 9522 9522 9522 9522 9522 9521 9520 9520 9520
3240.7886 9522 9526 9531 9538 9546 9554 9560 9566 9571 9575 9580 9584 9589
3247.0562 9594 9598 9601 9604 9606 9608 9610 9612 9614 9617 9621 9625 9629
3253.3237 9632 9636 9638 9641 9644 9646 9648 9649 9650 9651 9652 9653 9655
3259.5913 9657 9658 9660 9660 9661 9661 9662 9664 9666 9668 9671 9673 9674
3265.8586 9674 9674 9673 9673 9674 9675 9677 9678 9679 9678 9676 9674 9671
3272.1262 9669 9668 9668 9667 9665 9662 9657 9653 9648 9645 9643 9642 9641
3278.3938 9639 9637 9633 9629 9624 9621 9618 9615 9613 9610 9607 9603 9598
3284.6614 9594 9589 9584 9579 9574 9568 9561 9555 9548 9540 9533 9526 9519
3290.9287 9513 9507 9501 9495 9490 9485 9480 9476 9471 9467 9463 9459 9455
3297.1963 9451 9447 9443 9438 9434 9430 9426 9422 9418 9413 9408 9404 9402
3303.4639 9401 9401 9403 9404 9404 9403 9400 9397 9395 9395 9397 9402 9409
3309.7314 9416 9424 9431 9439 9447 9457 9469 9483 9499 9515 9532 9548 9563
3315.9988 9578 9592 9605 9618 9630 9642 9653 9664 9675 9687 9698 9710 9721
3322.2664 9731 9740 9747 9754 9760 9766 9772 9777 9782 9787 9791 9794 9797
3328.5339 9800 9804 9808 9813 9819 9825 9831 9837 9842 9846 9849 9852 9853
3334.8015 9854 9853 9851 9849 9846 9844 9843 9842 9841 9841 9842 9844 9846
3341.0688 9849 9853 9857 9863 9870 9877 9885 9891 9897 9901 9903 9905 9907
3347.3364 9908 9908 9908 9908 9908 9907 9905 9904 9902 9900 9898 9896 9895
3353.6040 9895 9895 9896 9897 9898 9899 9899 9899 9899 9898 9898 9898 9898
3359.8716 9900 9902 9905 9909 9913 9917 9919 9921 9922 9922 9921 9921 9920
3366.1389 9920 9920 9919 9919 9917 9915 9913 9911 9910 9910 9911 9912 9914
3372.4065 9915 9917 9919 9922 9926 9929 9932 9935 9937 9938 9938 9938 9938
3378.6741 9938 9937 9937 9936 9935 9934 9932 9930 9929 9929 9931 9933 9935
3384.9417 9938 9941 9944 9946 9947 9947 9947 9947 9947 9948 9949 9950 9950
3391.2090 9950 9949 9947 9944 9942 9941 9942 9943 9946 9949 9951 9953 9954
3397.4766 9954 9954 9954 9954 9954 9954 9954 9954 9953 9951 9949 9947 9945
3403.7441 9944 9942 9940 9937 9935 9933 9932 9933 9934 9936 9938 9939 9940
3410.0117 9939 9937 9935 9932 9928 9926 9924 9923 9923 9922 9922 9922 9922
3416.2791 9923 9923 9924 9925 9926 9929 9932 9936 9939 9940 9941 9940 9939
3422.5466 9937 9936 9935 9935 9934 9934 9934 9935 9936 9936 9937 9937 9937
3428.8142 9936 9935 9933 9932 9931 9930 9930 9931 9931 9932 9932 9932 9932
3435.0818 9933 9934 9936 9938 9941 9944 9947 9949 9950 9949 9948 9945 9941
3441.3491 9936 9932 9929 9927 9926 9927 9928 9929 9930 9930 9931 9932 9935
3447.6167 9939 9944 9949 9954 9958 9961 9964 9965 9967 9968 9970 9972 9973
3453.8843 9973 9972 9969 9964 9959 9954 9949 9944 9940 9937 9934 9932 9930
3460.1519 9928 9925 9922 9920 9918 9917 9916 9916 9917 9917 9917 9916 9913
3466.4192 9909 9904 9899 9894 9891 9890 9890 9891 9892 9893 9894 9896 9898
3472.6868 9900 9904 9910 9918 9927 9935 9943 9947 9949 9948 9945 9942 9939
3478.9543 9936 9934 9932 9930 9929 9927 9925 9924 9923 9923 9925 9928 9933
3485.2219 9938 9943 9948 9952 9955 9957 9957 9956 9955 9954 9952 9951 9950
3491.4893 9949 9946 9943 9939 9935 9932 9930 9928 9927 9926 9926 9926 9927
3497.7568 9929 9933 9938 9944 9949 9952 9953 9952 9948 9943 9937 9931 9926
3504.0244 9921 9917 9914 9912 9912 9915 9919 9925 9931 9937 9943 9949 9956
3510.2920 9962 9968 9973 9976 9976 9973 9969 9963 9958 9954 9951 9949 9948
3516.5593 9946 9944 9941 9938 9936 9934 9933 9933 9931 9929 9926 9922 9918
3522.8269 9915 9912 9909 9906 9904 9903 9902 9902 9903 9906 9911 9917 9923
3529.0945 9929 9934 9938 9940 9942 9943 9944 9945 9946 9948 9949 9950 9949
3535.3621 9947 9943 9939 9934 9932 9931 9932 9932 9932 9931 9928 9923 9918
3541.6294 9913 9908 9904 9901 9899 9898 9897 9898 9900 9903 9906 9908 9908
3547.8970 9905 9900 9894 9889 9885 9884 9884 9886 9888 9889 9889 9888 9889
3554.1646 9891 9896 9904 9914 9923 9931 9936 9938 9938 9937 9935 9933 9931
3560.4321 9928 9924 9918 9911 9905 9899 9896 9895 9897 9900 9904 9908 9910
3566.6995 9912 9912 9912 9912 9913 9915 9918 9921 9923 9924 9923 9921 9919
3572.9670 9918 9918 9918 9920 9923 9926 9928 9931 9935 9938 9942 9946 9950
3579.2346 9954 9957 9959 9961 9961 9960 9958 9956 9953 9950 9945 9941 9936
3585.5022 9931 9927 9923 9920 9918 9916 9915 9915 9918 9922 9926 9931 9934
3591.7695 9936 9937 9937 9937 9935 9934 9932 9930 9929 9928 9926 9925 9924
3598.0371 9923 9923 9924 9927 9930 9935 9941 9947 9954 9960 9964 9967 9968
3604.3047 9968 9969 9971 9972 9974 9973 9969 9962 9953 9942 9932 9924 9919
3610.5723 9916 9915 9915 9915 9915 9916 9917 9920 9922 9923 9923 9923 9921
3616.8398 9920 9918 9918 9919 9921 9923 9926 9926 9925 9921 9916 9911 9907
3623.1072 9903 9898 9891 9883 9873 9863 9855 9849 9844 9841 9841 9842 9846
3629.3748 9852 9859 9867 9875 9885 9895 9904 9913 9918 9922 9924 9927 9931
3635.6423 9937 9945 9953 9962 9971 9980 9989 9998 10007 10015 10022 10025
3641.4277 10024 10016 10001 9980 9954 9927 9902 9883 9867 9855 9846 9838 9832
3647.6953 9828 9827 9829 9836 9848 9864 9884 9903 9920 9931 9937 9939 9940
3653.9626 9940 9940 9939 9938 9937 9935 9933 9930 9928 9926 9926 9928 9934
3660.2302 9941 9949 9957 9964 9969 9974 9978 9981 9982 9981 9976 9967 9954
3666.4978 9941 9929 9918 9909 9900 9891 9881 9868 9854 9839 9824 9814 9811
3672.7654 9816 9825 9835 9844 9849 9853 9858 9865 9875 9888 9904 9921 9938
3679.0327 9952 9962 9968 9971 9974 9976 9977 9977 9974 9969 9962 9952 9942
3685.3003 9933 9926 9920 9915 9911 9908 9905 9903 9902 9900 9899 9899 9899
3691.5679 9900 9903 9906 9911 9915 9920 9926 9931 9936 9939 9941 9943 9943
3697.8354 9945 9947 9950 9955 9960 9965 9969 9972 9974 9975 9977 9980 9984
3704.1028 9988 9994 9999 10003 10004 10002 9996 9987 9977 9968 9962 9959 9957
3710.3704 9957 9956 9956 9955 9955 9957 9960 9964 9970 9975 9981 9985 9988
3716.6379 9987 9984 9979 9970 9959 9946 9932 9918 9905 9894 9887 9884 9884
3722.9055 9888 9892 9897 9901 9907 9913 9920 9928 9936 9942 9948 9953 9957
3729.1729 9959 9957 9950 9940 9927 9914 9904 9897 9893 9890 9887 9883 9878
3735.4404 9872 9867 9864 9866 9873 9885 9900 9915 9927 9936 9942 9947 9951
3741.7080 9954 9955 9956 9954 9950 9942 9931 9920 9908 9898 9888 9878 9866
3747.9756 9855 9846 9841 9841 9845 9852 9859 9868 9876 9883 9889 9896 9902
3754.2429 9909 9917 9926 9933 9939 9943 9946 9950 9954 9959 9963 9965 9966
3760.5105 9964 9961 9959 9958 9961 9965 9970 9974 9975 9974 9970 9964 9959
3766.7781 9954 9953 9953 9955 9958 9960 9962 9962 9961 9960 9959 9959 9960
3773.0457 9963 9966 9970 9973 9975 9976 9974 9971 9966 9960 9955 9950 9946
3779.3130 9943 9941 9939 9938 9937 9937 9937 9939 9942 9946 9951 9955 9958
3785.5806 9959 9959 9959 9957 9956 9955 9955 9955 9955 9956 9956 9955 9952
3791.8481 9949 9944 9941 9938 9936 9935 9935 9934 9931 9927 9921 9914 9906
3798.1157 9901 9900 9903 9908 9915 9921 9926 9927 9927 9927 9928 9931 9938
3804.3831 9946 9956 9964 9971 9976 9980 9984 9987 9989 9990 9991 9989 9985
3810.6506 9976 9964 9949 9935 9924 9917 9913 9911 9911 9913 9915 9919 9922
3816.9182 9922 9919 9916 9916 9919 9923 9926 9925 9920 9911 9900 9888 9877
3823.1858 9870 9867 9870 9877 9888 9897 9903 9907 9908 9909 9909 9910 9913
3829.4531 9915 9917 9918 9917 9916 9914 9913 9910 9907 9902 9896 9889 9879
3835.7207 9869 9860 9852 9848 9848 9850 9852 9853 9853 9854 9858 9865 9876
3841.9883 9892 9910 9929 9947 9962 9973 9980 9983 9985 9985 9985 9983 9979
3848.2559 9972 9962 9951 9940 9930 9921 9914 9908 9904 9901 9899 9900 9904
3854.5232 9910 9917 9923 9929 9935 9939 9944 9949 9952 9954 9953 9950 9944
3860.7908 9937 9932 9932 9935 9940 9946 9950 9953 9952 9947 9940 9935 9935
3867.0583 9941 9953 9966 9976 9982 9983 9981 9978 9976 9975 9978 9983 9990
3873.3259 9997 10001 10001 9997 9990 9982 9974 9967 9963 9962 9963 9965 9968
3879.5933 9970 9971 9969 9964 9957 9948 9942 9939 9939 9941 9944 9945 9945
3885.8608 9942 9938 9931 9924 9919 9919 9922 9927 9931 9933 9931 9929 9925
3892.1284 9922 9920 9920 9923 9928 9937 9946 9953 9958 9960 9958 9955 9952
3898.3960 9948 9945 9944 9943 9944 9944 9943 9940 9935 9931 9930 9932 9938
3904.6633 9947 9957 9964 9970 9972 9973 9973 9974 9975 9977 9979 9979 9978
3910.9309 9975 9970 9964 9959 9956 9956 9959 9962 9964 9963 9959 9952 9946
3917.1985 9940 9936 9933 9931 9929 9927 9924 9921 9918 9918 9919 9923 9930
3923.4661 9938 9946 9953 9958 9963 9966 9970 9973 9976 9977 9977 9974 9971
3929.7334 9969 9968 9970 9974 9980 9986 9992 9997 10001 10004 10008 10012
3935.5188 10015 10019 10020 10019 10016 10012 10006 10000 9995 9993 9992 9992
3941.3042 9992 9992 9992 9993 9994 9995 9997 9997 9995 9991 9985 9978 9970
3947.5718 9964 9958 9953 9948 9943 9937 9932 9929 9927 9929 9934 9940 9948
3953.8394 9956 9963 9969 9975 9981 9987 9992 9997 10000 10001 10003 10005
3959.6248 10007 10009 10011 10011 10010 10008 10005 10002 9999 9996 9994 9992
3965.4102 9989 9986 9981 9976 9972 9969 9968 9969 9971 9974 9977 9979 9980
3971.6777 9980 9981 9983 9988 9995 10003 10010 10015 10017 10017 10015 10012
3977.4631 10008 10006 10004 10004 10005 10006 10004 10001 9997 9993 9991 9992
3983.2485 9994 9999 10003 10008 10013 10017 10020 10022 10022 10022 10020
3988.5518 10018 10016 10016 10016 10017 10018 10018 10016 10014 10011 10008
3993.8550 10007 10007 10008 10009 10010 10008 10004 9999 9994 9988 9984 9980
3999.6404 9978 9976
##END= 
