##TITLE= RQQI
##JCAMP-DX= 4.24
##DATA TYPE= INFRARED SPECTRUM
##ORIGIN= JASCO
##OWNER= 
##DATE= 19/12/19
##TIME= 12:34:20
##SPECTROMETER/DATA SYSTEM= 
##RESOLUTION= 
##DELTAX=   0.48211674
##XUNITS= 1/CM
##YUNITS= TRANSMITTANCE
##XFACTOR= 1.00000
##YFACTOR= 0.0001
##FIRSTX=   649.8934
##LASTX=  4000.1226
##NPOINTS=     6950
##FIRSTY=      0.95256
##MAXY=      1.02170
##MINY=      0.53479
##XYDATA= (X++(Y..Y))
649.8934 9526 9456 9417 9423 9467 9520 9551 9547 9525 9522 9561 9642 9734 9798
656.6430 9809 9770 9701 9627 9562 9508 9454 9386 9293 9177 9052 8942 8870 8846
663.3926 8864 8909 8966 9030 9107 9211 9355 9556 9817 10063 10085 9857 9635
669.6602 9520 9482 9480 9487 9484 9455 9394 9309 9218 9149 9127 9160 9236 9326
676.4098 9395 9417 9386 9307 9200 9083 8972 8885 8836 8838 8898 9011 9155 9294
683.1594 9388 9413 9368 9282 9189 9122 9094 9103 9131 9157 9165 9153 9126 9097
689.9091 9079 9084 9114 9163 9210 9235 9234 9231 9241 9258 9274 9285 9281 9252
696.6587 9190 9103 9006 8922 8867 8847 8862 8902 8953 8999 9028 9038 9035 9035
703.4083 9051 9086 9133 9179 9213 9232 9245 9267 9314 9389 9482 9570 9629 9650
710.1580 9641 9623 9617 9625 9638 9637 9612 9569 9524 9495 9483 9504 9491 9466
716.9076 9440 9431 9457 9518 9595 9664 9701 9702 9679 9652 9632 9620 9610 9596
723.6572 9579 9565 9561 9566 9574 9576 9567 9547 9520 9487 9451 9411 9369 9327
730.4069 9292 9269 9260 9262 9269 9275 9277 9276 9275 9278 9284 9290 9287 9276
737.1565 9264 9263 9284 9327 9383 9433 9458 9452 9421 9382 9352 9341 9354 9383
743.9061 9417 9443 9452 9444 9429 9418 9416 9419 9412 9381 9324 9254 9192 9158
750.6558 9156 9175 9190 9183 9142 9073 8989 8907 8837 8780 8725 8657 8565 8444
757.4054 8304 8160 8021 7889 7750 7588 7395 7178 6962 6776 6645 6579 6576 6622
764.1550 6707 6827 6984 7180 7411 7666 7926 8175 8403 8606 8788 8952 9103 9241
770.9047 9364 9467 9547 9603 9638 9659 9673 9686 9704 9726 9747 9761 9761 9747
777.6543 9720 9690 9664 9646 9633 9620 9603 9578 9549 9519 9492 9467 9441 9405
784.4039 9348 9262 9143 8992 8817 8629 8442 8274 8142 8068 8070 8157 8326 8558
791.1536 8826 9095 9336 9526 9652 9717 9735 9730 9724 9732 9757 9786 9806 9807
797.9032 9789 9759 9724 9691 9661 9635 9612 9593 9579 9571 9572 9584 9612 9658
804.6528 9715 9772 9816 9839 9842 9832 9818 9808 9798 9781 9751 9707 9658 9618
811.4025 9601 9614 9651 9701 9746 9770 9767 9745 9717 9700 9705 9730 9764 9792
818.1521 9802 9791 9768 9747 9736 9737 9742 9744 9736 9718 9690 9658 9622 9582
824.9017 9538 9486 9427 9362 9297 9240 9201 9185 9194 9229 9284 9355 9438 9524
831.6514 9604 9666 9703 9717 9719 9726 9751 9799 9860 9914 9937 9919 9865 9795
838.4010 9735 9704 9708 9739 9781 9821 9850 9871 9894 9923 9959 9996 10020
844.6685 10024 10000 9952 9887 9817 9753 9707 9682 9679 9694 9716 9735 9741
850.9360 9729 9700 9658 9616 9582 9569 9579 9611 9653 9689 9703 9684 9632 9554
857.6857 9465 9378 9302 9244 9203 9178 9166 9168 9185 9223 9285 9369 9461 9543
864.4353 9602 9632 9646 9658 9683 9718 9753 9773 9772 9759 9747 9751 9771 9797
871.1849 9816 9818 9804 9786 9773 9775 9791 9818 9848 9874 9888 9887 9871 9849
877.9346 9830 9826 9839 9864 9891 9910 9913 9903 9881 9851 9814 9775 9737 9707
884.6842 9692 9693 9704 9718 9728 9731 9731 9729 9727 9724 9716 9703 9688 9673
891.4338 9659 9645 9628 9609 9590 9578 9575 9578 9579 9572 9554 9528 9498 9467
898.1835 9434 9398 9359 9318 9280 9244 9211 9177 9142 9107 9072 9034 8988 8929
904.9331 8855 8771 8688 8619 8574 8558 8574 8617 8682 8759 8840 8919 8994 9065
911.6827 9131 9188 9231 9257 9271 9279 9293 9316 9348 9383 9415 9439 9454 9460
918.4324 9455 9437 9405 9362 9313 9263 9215 9169 9123 9074 9022 8965 8902 8832
925.1820 8751 8661 8565 8470 8388 8325 8287 8275 8285 8313 8350 8394 8443 8500
931.9316 8569 8654 8754 8864 8976 9082 9175 9253 9314 9356 9382 9396 9406 9421
938.6813 9450 9495 9549 9606 9656 9697 9729 9753 9773 9789 9799 9805 9809 9814
945.4309 9822 9832 9841 9846 9844 9839 9835 9836 9841 9847 9849 9842 9827 9811
952.1805 9802 9803 9816 9835 9855 9871 9882 9891 9898 9902 9897 9879 9848 9813
958.9302 9782 9765 9761 9763 9762 9754 9740 9726 9717 9714 9711 9702 9685 9663
965.6798 9645 9634 9630 9630 9628 9618 9599 9569 9528 9478 9422 9367 9317 9273
972.4294 9231 9187 9136 9078 9017 8955 8890 8819 8733 8629 8510 8383 8254 8127
979.1791 8003 7881 7763 7656 7572 7519 7506 7534 7599 7696 7820 7964 8122 8287
985.9287 8449 8598 8724 8819 8880 8911 8919 8916 8909 8904 8898 8883 8854 8805
992.6783 8734 8645 8545 8440 8334 8231 8133 8042 7963 7903 7869 7870 7913 8000
999.4280 8128 8287 8461 8635 8797 8940 9064 9173 9273 9363 9445 9513 9567 9604
1006.1776 9623 9628 9623 9614 9609 9614 9627 9642 9650 9645 9623 9591 9561
1012.4451 9542 9540 9556 9586 9624 9667 9712 9757 9799 9833 9858 9872 9876
1018.7126 9874 9870 9868 9870 9873 9877 9879 9877 9872 9862 9848 9829 9808
1024.9802 9786 9764 9740 9714 9683 9651 9619 9594 9577 9568 9562 9559 9555
1031.2477 9551 9548 9544 9540 9535 9530 9528 9524 9515 9494 9461 9419 9375
1037.5153 9339 9315 9301 9297 9299 9307 9322 9343 9367 9390 9410 9428 9447
1043.7827 9469 9494 9517 9534 9540 9534 9521 9505 9493 9485 9480 9476 9471
1050.0503 9467 9463 9463 9466 9469 9468 9460 9445 9427 9413 9410 9421 9446
1056.3177 9476 9503 9521 9526 9522 9514 9510 9511 9520 9534 9552 9573 9593
1062.5853 9612 9627 9639 9646 9646 9634 9606 9562 9507 9451 9406 9375 9359
1068.8528 9348 9333 9310 9277 9239 9206 9184 9179 9194 9226 9273 9331 9397
1075.1204 9468 9543 9617 9685 9740 9780 9805 9820 9833 9846 9860 9874 9887
1081.3878 9899 9913 9928 9944 9957 9965 9965 9960 9952 9946 9944 9945 9949
1087.6554 9952 9952 9947 9936 9921 9905 9892 9884 9881 9879 9877 9872 9864
1093.9229 9855 9846 9836 9823 9805 9784 9761 9741 9724 9713 9705 9699 9693
1100.1904 9686 9677 9667 9655 9642 9628 9611 9591 9567 9541 9515 9494 9478
1106.4579 9465 9455 9444 9434 9424 9420 9420 9423 9429 9435 9439 9441 9440
1112.7255 9435 9425 9413 9401 9394 9393 9396 9401 9403 9400 9393 9383 9373
1118.9929 9366 9364 9367 9371 9369 9355 9327 9286 9240 9196 9158 9128 9104
1125.2605 9082 9063 9047 9031 9010 8976 8925 8857 8778 8699 8626 8563 8506
1131.5280 8450 8388 8317 8234 8139 8030 7910 7787 7672 7575 7504 7459 7434
1137.7955 7422 7419 7428 7456 7510 7591 7696 7814 7935 8046 8141 8215 8268
1144.0630 8302 8321 8331 8338 8348 8368 8398 8438 8489 8546 8608 8672 8736
1150.3306 8801 8865 8927 8984 9031 9067 9095 9119 9146 9181 9220 9256 9283
1156.5980 9297 9302 9305 9311 9319 9324 9323 9314 9301 9289 9282 9280 9280
1162.8656 9280 9279 9276 9272 9266 9256 9240 9218 9193 9167 9143 9120 9098
1169.1331 9076 9055 9033 9011 8986 8957 8923 8883 8836 8783 8724 8660 8595
1175.4006 8531 8472 8423 8386 8363 8353 8356 8368 8387 8409 8430 8448 8459
1181.6681 8462 8456 8441 8418 8388 8351 8308 8259 8208 8155 8103 8053 8003
1187.9357 7950 7892 7827 7759 7692 7632 7580 7537 7501 7467 7432 7397 7360
1194.2031 7326 7293 7263 7231 7196 7153 7102 7046 6986 6929 6875 6827 6787
1200.4707 6749 6720 6702 6702 6723 6769 6839 6929 7033 7145 7257 7362 7458
1206.7382 7544 7622 7691 7752 7803 7839 7863 7874 7878 7876 7871 7862 7849
1213.0057 7830 7806 7776 7742 7704 7662 7618 7576 7539 7507 7480 7457 7435
1219.2732 7411 7382 7346 7298 7238 7167 7086 7001 6914 6828 6742 6655 6568
1225.5408 6481 6396 6316 6240 6169 6100 6033 5969 5909 5853 5801 5751 5703
1231.8082 5658 5616 5577 5540 5504 5466 5429 5394 5368 5352 5348 5356 5377
1238.0758 5408 5449 5500 5556 5616 5675 5732 5789 5847 5905 5963 6018 6070
1244.3433 6116 6161 6206 6254 6309 6371 6441 6520 6605 6697 6794 6895 7002
1250.6108 7115 7234 7356 7477 7593 7702 7804 7900 7990 8074 8149 8213 8266
1256.8783 8307 8336 8357 8370 8380 8389 8398 8409 8421 8436 8455 8478 8505
1263.1459 8533 8561 8588 8615 8644 8678 8718 8760 8802 8839 8869 8893 8911
1269.4133 8924 8933 8937 8935 8925 8906 8876 8836 8790 8743 8698 8656 8617
1275.6809 8578 8536 8491 8445 8400 8357 8315 8273 8227 8180 8131 8082 8034
1281.9484 7986 7935 7883 7828 7772 7716 7660 7605 7547 7486 7419 7349 7276
1288.2159 7204 7137 7075 7020 6970 6922 6874 6827 6784 6750 6728 6719 6721
1294.4834 6730 6741 6755 6770 6788 6810 6835 6861 6885 6908 6928 6948 6967
1300.7510 6987 7006 7023 7037 7046 7048 7042 7028 7007 6980 6950 6915 6875
1307.0184 6831 6780 6723 6661 6593 6520 6443 6364 6283 6203 6125 6052 5985
1313.2860 5924 5870 5825 5788 5760 5742 5733 5733 5745 5769 5810 5869 5945
1319.5535 6033 6129 6228 6329 6432 6539 6651 6766 6883 7001 7119 7238 7358
1325.8210 7478 7599 7717 7833 7945 8055 8163 8267 8366 8458 8543 8621 8692
1332.0885 8756 8814 8867 8913 8953 8989 9022 9054 9083 9110 9131 9146 9154
1338.3561 9159 9166 9178 9199 9226 9256 9282 9304 9320 9333 9343 9351 9356
1344.6235 9358 9356 9353 9350 9350 9351 9352 9349 9342 9328 9311 9293 9276
1350.8911 9261 9248 9236 9225 9212 9197 9179 9161 9145 9134 9127 9124 9119
1357.1586 9109 9091 9065 9032 8994 8950 8903 8854 8805 8760 8721 8687 8659
1363.4261 8633 8612 8599 8598 8613 8644 8687 8736 8785 8827 8864 8896 8928
1369.6936 8959 8991 9020 9046 9066 9080 9086 9086 9083 9081 9079 9077 9071
1375.9612 9060 9041 9017 8985 8947 8901 8846 8782 8708 8626 8538 8446 8358
1382.2286 8282 8230 8215 8243 8314 8419 8547 8686 8828 8968 9096 9203 9285
1388.4962 9344 9387 9418 9441 9456 9463 9462 9458 9451 9440 9423 9394 9352
1394.7637 9302 9253 9209 9170 9134 9097 9059 9015 8967 8916 8869 8826 8789
1401.0313 8756 8726 8700 8677 8660 8652 8652 8663 8681 8704 8728 8750 8772
1407.2987 8795 8820 8847 8875 8901 8926 8950 8974 9000 9028 9057 9088 9121
1413.5663 9155 9189 9223 9253 9277 9293 9301 9304 9306 9308 9312 9314 9313
1419.8337 9305 9290 9269 9245 9218 9185 9145 9098 9050 9009 8975 8943 8908
1426.1013 8866 8816 8761 8705 8650 8596 8544 8490 8434 8375 8313 8247 8172
1432.3688 8086 7990 7891 7799 7719 7653 7597 7550 7517 7507 7512 7518 7518
1438.6364 7516 7518 7528 7544 7568 7597 7630 7664 7699 7734 7769 7807 7851
1444.9038 7902 7958 8019 8087 8166 8261 8369 8475 8564 8628 8674 8711 8746
1451.1714 8785 8827 8869 8906 8934 8954 8969 8981 8994 9010 9028 9048 9068
1457.4388 9089 9106 9119 9129 9139 9150 9162 9172 9180 9184 9183 9178 9173
1463.7064 9167 9162 9158 9152 9140 9122 9100 9076 9050 9022 8990 8957 8924
1469.9739 8894 8866 8836 8802 8764 8733 8718 8712 8706 8698 8690 8684 8682
1476.2415 8682 8682 8678 8670 8659 8651 8646 8646 8653 8665 8682 8700 8719
1482.5089 8734 8744 8747 8745 8738 8728 8715 8700 8680 8655 8623 8589 8553
1488.7765 8518 8483 8447 8411 8375 8334 8284 8225 8158 8086 8014 7945 7881
1495.0439 7823 7772 7732 7706 7694 7696 7714 7751 7804 7864 7922 7979 8040
1501.3115 8112 8195 8279 8356 8418 8468 8511 8552 8595 8646 8720 8823 8921
1507.5790 8989 9038 9082 9129 9176 9223 9267 9312 9359 9409 9459 9503 9536
1513.8466 9559 9575 9588 9600 9614 9636 9674 9724 9773 9812 9843 9872 9897
1520.1140 9916 9921 9917 9915 9917 9916 9913 9913 9921 9935 9954 9972 9983
1526.3816 9982 9974 9963 9957 9957 9962 9968 9970 9968 9963 9956 9946 9934
1532.6490 9920 9908 9905 9909 9914 9915 9911 9907 9903 9901 9901 9896 9882
1538.9166 9859 9847 9858 9874 9879 9874 9868 9866 9869 9876 9886 9897 9909
1545.1841 9922 9935 9948 9959 9968 9974 9976 9969 9956 9940 9931 9931 9934
1551.4517 9938 9940 9944 9948 9947 9938 9925 9914 9909 9914 9931 9958 9983
1557.7191 9981 9926 9834 9786 9788 9785 9766 9739 9712 9691 9674 9657 9636
1563.9867 9608 9576 9544 9516 9494 9473 9452 9430 9405 9371 9325 9276 9236
1570.2542 9211 9196 9188 9188 9195 9209 9226 9245 9264 9283 9300 9316 9334
1576.5217 9352 9360 9356 9345 9333 9322 9311 9298 9283 9266 9249 9232 9215
1582.7892 9195 9171 9145 9114 9082 9048 9015 8983 8951 8917 8878 8835 8790
1589.0568 8745 8704 8669 8641 8621 8608 8603 8607 8620 8640 8664 8691 8717
1595.3242 8740 8762 8782 8798 8812 8822 8826 8824 8814 8798 8776 8750 8723
1601.5918 8695 8666 8635 8600 8559 8513 8462 8407 8350 8292 8234 8175 8118
1607.8593 8061 8005 7952 7904 7865 7835 7811 7792 7775 7762 7754 7751 7754
1614.1268 7760 7771 7791 7829 7903 8020 8144 8231 8277 8303 8327 8359 8397
1620.3943 8436 8472 8504 8536 8575 8629 8695 8758 8804 8830 8847 8862 8882
1626.6619 8909 8943 8984 9025 9063 9093 9115 9132 9145 9153 9159 9162 9165
1632.9293 9170 9178 9186 9188 9182 9176 9179 9188 9195 9200 9204 9206 9204
1639.1969 9196 9183 9167 9150 9135 9121 9105 9086 9065 9043 9021 8998 8970
1645.4645 8935 8892 8850 8817 8790 8759 8716 8663 8605 8550 8504 8467 8438
1651.7319 8401 8333 8228 8157 8151 8135 8091 8032 7972 7915 7862 7816 7776
1657.9995 7741 7709 7677 7643 7607 7571 7536 7505 7478 7454 7428 7397 7357
1664.2670 7311 7260 7205 7145 7082 7021 6962 6906 6850 6790 6725 6658 6590
1670.5345 6520 6445 6367 6288 6216 6153 6102 6067 6052 6066 6108 6153 6181
1676.8020 6193 6203 6220 6250 6298 6368 6458 6562 6666 6758 6834 6896 6952
1683.0696 7020 7150 7403 7708 7907 7994 8037 8076 8127 8192 8266 8344 8419
1689.3370 8489 8555 8619 8680 8736 8782 8816 8840 8861 8884 8911 8940 8962
1695.6046 8967 8951 8916 8874 8838 8819 8816 8821 8810 8750 8650 8549 8457
1701.8721 8372 8290 8206 8111 7999 7872 7734 7585 7419 7233 7038 6847 6671
1708.1396 6512 6362 6219 6084 5969 5880 5818 5776 5745 5719 5702 5699 5719
1714.4071 5764 5825 5887 5943 5998 6074 6197 6374 6553 6677 6743 6781 6818
1720.6747 6867 6928 7001 7082 7167 7254 7339 7421 7499 7576 7658 7749 7848
1726.9421 7951 8049 8140 8226 8312 8403 8499 8588 8662 8718 8763 8803 8841
1733.2097 8880 8929 8991 9040 9061 9065 9066 9072 9082 9097 9113 9131 9153
1739.4772 9182 9214 9240 9255 9263 9268 9271 9275 9281 9290 9303 9318 9334
1745.7448 9350 9365 9376 9385 9393 9404 9419 9437 9454 9471 9486 9498 9508
1752.0122 9515 9522 9529 9538 9551 9566 9580 9591 9600 9606 9611 9616 9621
1758.2798 9625 9631 9641 9655 9672 9691 9710 9727 9739 9745 9745 9743 9744
1764.5472 9749 9760 9774 9790 9806 9819 9826 9825 9818 9809 9804 9805 9812
1770.8148 9820 9823 9821 9821 9828 9837 9846 9856 9867 9877 9885 9893 9900
1777.0823 9908 9916 9924 9929 9930 9927 9920 9914 9911 9910 9913 9918 9925
1783.3499 9932 9936 9936 9932 9927 9925 9927 9932 9938 9943 9945 9943 9940
1789.6173 9937 9936 9939 9944 9952 9960 9966 9967 9962 9955 9949 9946 9948
1795.8849 9954 9962 9970 9976 9978 9977 9971 9964 9958 9956 9958 9961 9964
1802.1523 9968 9971 9975 9977 9979 9980 9980 9978 9975 9971 9967 9963 9962
1808.4199 9963 9965 9968 9968 9966 9964 9962 9964 9968 9973 9979 9984 9986
1814.6874 9987 9985 9980 9974 9968 9964 9963 9966 9971 9979 9988 9997 10005
1820.9550 10009 10008 10002 9994 9986 9981 9980 9983 9988 9994 9999 10002
1826.7404 10001 9998 9993 9985 9974 9967 9969 9982 9996 10005 10005 10001 9993
1833.0078 9985 9979 9976 9976 9978 9982 9987 9992 9997 10003 10007 10008 10008
1839.2754 10004 9997 9989 9980 9973 9970 9969 9971 9974 9976 9979 9980 9978
1845.5428 9970 9962 9956 9954 9956 9959 9962 9963 9963 9962 9962 9963 9966
1851.8104 9971 9980 9990 9999 10004 10002 9991 9973 9955 9942 9938 9943 9952
1858.0779 9963 9969 9970 9969 9967 9967 9970 9975 9979 9980 9979 9977 9976
1864.3455 9977 9977 9977 9975 9970 9965 9964 9971 9987 10009 10028 10037 10032
1870.6129 10016 9995 9974 9958 9949 9947 9952 9962 9972 9983 9992 10000 10007
1876.8805 10012 10016 10016 10014 10011 10008 10005 10002 9996 9988 9980 9975
1882.6659 9976 9985 9997 10008 10011 10007 9998 9990 9986 9987 9991 9995 9998
1888.9333 10000 10003 10008 10012 10014 10011 10004 9995 9986 9981 9981 9988
1894.7188 9999 10012 10025 10036 10044 10048 10048 10043 10032 10017 10002
1900.0221 9990 9982 9980 9984 9991 10001 10011 10020 10024 10023 10015 10004
1905.8075 9991 9980 9972 9967 9967 9972 9984 10002 10024 10046 10060 10063
1911.5929 10053 10033 10006 9980 9962 9954 9956 9964 9974 9980 9983 9982 9981
1917.8604 9984 9993 10005 10017 10023 10023 10015 10000 9982 9965 9956 9956
1923.6458 9964 9972 9977 9978 9977 9977 9981 9989 9998 10005 10007 10004 10000
1929.9133 9998 10001 10007 10013 10011 10002 9987 9971 9960 9954 9953 9952
1935.6987 9951 9951 9957 9970 9990 10015 10037 10050 10050 10035 10012 9988
1941.4841 9974 9977 9995 10018 10031 10030 10017 9999 9985 9978 9974 9971 9966
1947.7516 9960 9956 9957 9965 9975 9985 9993 9997 9999 9999 10001 10005 10012
1954.0192 10021 10029 10032 10025 10009 9987 9968 9955 9953 9958 9966 9975
1959.8046 9983 9994 10007 10023 10036 10041 10037 10024 10006 9988 9976 9971
1965.5900 9975 9982 9990 9993 9991 9986 9981 9980 9983 9991 9999 10006 10009
1971.8574 10010 10011 10013 10019 10027 10035 10040 10038 10029 10013 9993
1977.1608 9972 9955 9946 9947 9957 9971 9985 9995 10000 10002 10005 10009
1982.9462 10015 10021 10024 10022 10014 10000 9984 9968 9958 9955 9960 9970
1988.7316 9978 9981 9979 9974 9972 9973 9978 9982 9982 9979 9975 9974 9977
1994.9990 9981 9986 9988 9989 9991 9995 10000 10006 10011 10012 10010 10001
2000.7844 9985 9962 9937 9914 9903 9908 9928 9957 9985 10005 10011 10005 9992
2007.0520 9980 9975 9979 9991 10006 10018 10021 10015 10001 9986 9975 9971
2012.8374 9975 9985 9997 10006 10010 10010 10010 10010 10012 10013 10009 10003
2018.6228 9996 9993 9994 9995 9991 9979 9961 9945 9938 9943 9959 9979 9995
2024.8903 10003 10002 9994 9983 9970 9957 9944 9933 9925 9924 9930 9943 9960
2031.1578 9979 9994 10005 10009 10007 9998 9984 9967 9949 9935 9930 9935 9950
2037.4253 9972 9997 10019 10031 10032 10019 9995 9968 9944 9933 9938 9956 9980
2043.6929 10000 10008 10002 9986 9967 9953 9946 9949 9957 9968 9980 9993 10007
2049.9604 10019 10027 10027 10020 10008 9996 9988 9983 9983 9983 9985 9987
2055.7458 9991 9994 9994 9988 9977 9963 9950 9942 9940 9946 9956 9970 9984
2062.0132 9993 9994 9986 9970 9954 9944 9945 9956 9973 9988 9995 9991 9978
2068.2808 9959 9940 9927 9925 9936 9955 9977 9995 10004 10003 9996 9986 9979
2074.5483 9977 9979 9987 9997 10009 10018 10022 10020 10014 10006 10000 9997
2080.3337 9996 9996 9994 9992 9989 9990 9994 10004 10015 10026 10032 10033
2086.1191 10027 10018 10009 10002 9997 9992 9986 9978 9969 9963 9962 9967 9976
2092.3867 9988 9999 10007 10010 10007 9997 9983 9969 9958 9953 9954 9959 9963
2098.6541 9966 9969 9974 9982 9993 10002 10006 10003 9996 9990 9986 9986 9985
2104.9216 9980 9971 9958 9948 9943 9945 9955 9969 9986 10001 10013 10018 10016
2111.1892 10006 9994 9984 9979 9982 9993 10008 10023 10034 10039 10036 10027
2116.9746 10017 10009 10004 10004 10005 10003 9997 9987 9977 9971 9969 9971
2122.7600 9971 9965 9953 9936 9922 9915 9916 9922 9931 9939 9947 9959 9975
2129.0276 9995 10016 10032 10041 10042 10038 10030 10021 10010 9998 9985 9975
2134.8130 9970 9975 9989 10007 10024 10032 10029 10016 10001 9991 9993 10004
2140.5984 10020 10032 10035 10027 10012 9996 9982 9970 9960 9952 9948 9951
2146.3838 9965 9987 10013 10035 10046 10043 10028 10006 9984 9966 9954 9951
2152.1692 9955 9969 9990 10016 10040 10054 10054 10040 10021 10006 10002 10010
2157.9546 10022 10030 10028 10018 10008 10003 10001 9999 9993 9983 9975 9973
2163.7400 9981 9995 10010 10018 10021 10021 10023 10027 10033 10033 10026
2169.0432 10009 9989 9971 9960 9960 9967 9978 9986 9988 9986 9982 9980 9985
2175.3108 9995 10008 10018 10023 10021 10015 10008 10003 10002 10005 10009
2180.6140 10012 10012 10009 10005 9999 9993 9988 9986 9986 9987 9988 9986 9982
2186.8816 9979 9982 9992 10009 10026 10034 10027 10007 9982 9964 9961 9972
2192.6670 9990 10006 10012 10010 10006 10008 10019 10038 10056 10066 10063
2197.9702 10049 10028 10007 9993 9989 9994 10003 10009 10008 10002 9994 9990
2203.7556 9993 10002 10011 10014 10009 9998 9988 9982 9984 9992 10004 10017
2209.5410 10028 10035 10038 10035 10029 10025 10026 10033 10042 10050 10049
2214.8442 10039 10023 10007 9997 9996 10002 10010 10016 10019 10019 10017
2220.1475 10014 10010 10006 10005 10010 10020 10032 10040 10039 10031 10021
2225.4509 10014 10013 10016 10017 10012 10004 9999 9999 10006 10014 10018
2230.7542 10015 10009 10005 10007 10015 10024 10029 10027 10022 10016 10014
2236.0574 10016 10019 10021 10020 10015 10007 9999 9990 9983 9980 9981 9985
2241.8428 9990 9992 9987 9978 9966 9958 9955 9960 9969 9978 9985 9990 9995
2248.1104 10002 10013 10026 10037 10043 10042 10035 10024 10012 10002 9995
2253.4136 9992 9992 9994 9998 10004 10010 10013 10013 10008 9999 9990 9982
2259.1990 9978 9978 9981 9986 9993 10004 10017 10029 10037 10038 10032 10021
2264.9844 10009 10000 9997 10000 10008 10018 10025 10027 10019 10004 9987 9974
2270.7698 9970 9975 9985 9993 9997 9996 9994 9994 9997 10002 10008 10013 10016
2277.0374 10017 10016 10012 10007 10002 10001 10004 10010 10017 10021 10021
2282.3406 10017 10009 10001 9994 9989 9986 9984 9984 9985 9985 9985 9986 9989
2288.6082 9995 10003 10010 10014 10012 10006 9999 9992 9986 9982 9978 9977
2294.3936 9980 9988 9999 10011 10017 10014 10003 9988 9975 9970 9975 9988
2300.1790 10004 10017 10024 10024 10017 10008 9999 9990 9983 9978 9975 9977
2305.9644 9982 9989 9994 9996 9994 9992 9992 9995 10000 10002 10000 9993 9983
2312.2319 9973 9967 9965 9970 9981 9996 10013 10026 10031 10027 10016 10004
2318.0173 9995 9989 9984 9976 9965 9955 9949 9951 9958 9967 9975 9981 9984
2324.2847 9987 9988 9988 9988 9989 9992 9995 9995 9991 9985 9981 9985 9997
2330.5522 10013 10025 10026 10018 10008 10006 10015 10034 10053 10063 10058
2335.8555 10040 10018 10005 10009 10028 10056 10080 10092 10087 10068 10040
2341.1589 10011 9987 9972 9967 9971 9980 9988 9989 9983 9973 9965 9964 9969
2347.4263 9976 9982 9985 9985 9984 9982 9984 9991 10005 10025 10044 10055
2353.2117 10053 10038 10010 9976 9944 9921 9914 9927 9960 10004 10045 10067
2358.9971 10062 10035 10000 9972 9963 9974 10001 10037 10072 10097 10106 10096
2364.7825 10074 10051 10036 10036 10049 10069 10084 10090 10083 10065 10041
2370.0859 10015 9992 9979 9979 9992 10014 10035 10048 10050 10044 10039 10039
2375.8713 10045 10050 10048 10036 10016 9995 9982 9979 9983 9988 9991 9990
2381.6567 9988 9989 9993 9999 10002 10001 9994 9986 9982 9984 9994 10008 10023
2387.9241 10034 10037 10033 10025 10017 10012 10010 10010 10010 10006 10000
2393.2275 9994 9992 9994 10000 10007 10011 10011 10008 10004 10003 10004 10005
2399.0129 10006 10006 10005 10008 10014 10022 10030 10035 10035 10032 10025
2404.3162 10018 10009 10001 9994 9994 10000 10012 10027 10039 10044 10041
2409.6194 10031 10020 10010 10004 10001 10000 10001 10002 10003 10006 10008
2414.9226 10012 10016 10019 10022 10021 10018 10011 10005 10001 10002 10008
2420.2261 10016 10022 10022 10014 10001 9990 9984 9988 10000 10018 10035 10047
2426.0115 10053 10053 10051 10049 10048 10048 10048 10044 10036 10025 10013
2431.3147 10002 9995 9994 9998 10006 10014 10021 10025 10028 10030 10033 10037
2437.1001 10040 10043 10043 10043 10043 10043 10042 10040 10034 10025 10011
2442.4033 9995 9980 9969 9967 9975 9990 10009 10028 10043 10054 10059 10060
2448.1887 10057 10051 10043 10037 10034 10035 10039 10044 10047 10048 10047
2453.4919 10043 10039 10032 10024 10015 10007 10001 10000 10004 10010 10016
2458.7954 10020 10023 10026 10030 10037 10047 10059 10070 10079 10082 10080
2464.0986 10071 10057 10040 10024 10010 10003 10001 10003 10005 10004 10002
2469.4019 10000 10002 10009 10018 10027 10032 10033 10032 10031 10034 10038
2474.7051 10041 10041 10038 10036 10039 10047 10058 10069 10074 10070 10057
2480.0085 10040 10021 10005 9996 9992 9995 10001 10009 10016 10022 10025 10025
2485.7939 10022 10019 10020 10026 10038 10052 10065 10072 10070 10059 10042
2491.0972 10022 10006 9996 9993 9996 10002 10006 10010 10013 10017 10022 10026
2496.8826 10025 10020 10010 9999 9991 9989 9992 9998 10005 10010 10013 10013
2502.6680 10014 10016 10020 10025 10032 10039 10043 10042 10035 10022 10007
2507.9712 9993 9985 9985 9992 10004 10015 10024 10026 10022 10014 10005 10000
2513.7566 10001 10010 10024 10037 10045 10044 10034 10018 10003 9992 9988 9992
2519.5420 10001 10011 10019 10022 10022 10020 10021 10024 10031 10037 10041
2524.8452 10039 10032 10024 10017 10012 10011 10011 10010 10006 10000 9993
2530.1487 9988 9985 9986 9990 9996 10003 10012 10020 10029 10034 10036 10034
2535.9341 10029 10023 10017 10011 10007 10003 10001 10001 10006 10012 10017
2541.2373 10018 10013 10005 9997 9992 9993 9999 10007 10013 10013 10007 9996
2547.0227 9983 9973 9968 9968 9970 9973 9977 9981 9990 10003 10019 10035 10045
2553.2903 10048 10043 10033 10021 10010 10001 9995 9992 9990 9989 9988 9985
2559.0757 9982 9980 9980 9982 9985 9987 9987 9985 9984 9983 9984 9986 9989
2565.3430 9992 9992 9992 9990 9987 9986 9985 9986 9989 9994 9999 10005 10009
2571.6106 10011 10008 10001 9992 9984 9980 9980 9984 9988 9989 9986 9979 9970
2577.8782 9962 9957 9955 9957 9963 9974 9989 10005 10017 10023 10020 10009
2583.6636 9994 9980 9970 9966 9965 9967 9969 9972 9975 9978 9980 9982 9982
2589.9312 9982 9982 9981 9981 9982 9983 9984 9984 9985 9987 9990 9996 10002
2596.1985 10007 10011 10011 10009 10008 10008 10009 10011 10011 10010 10009
2601.5020 10009 10012 10015 10017 10015 10011 10004 9998 9992 9988 9986 9986
2607.2874 9987 9989 9990 9987 9983 9978 9978 9983 9993 10004 10010 10010 10003
2613.5547 9992 9981 9973 9970 9972 9978 9986 9994 9999 9999 9996 9990 9984
2619.8223 9980 9977 9976 9975 9974 9973 9971 9970 9970 9972 9976 9980 9983
2626.0898 9984 9981 9977 9974 9975 9980 9989 9999 10007 10010 10009 10004 9998
2632.3574 9993 9990 9988 9988 9989 9990 9990 9990 9990 9990 9990 9990 9990
2638.6250 9990 9990 9988 9984 9979 9974 9971 9972 9977 9986 9994 9999 10000
2644.8923 9998 9994 9992 9992 9994 9997 9999 10000 10001 10003 10005 10007
2650.6777 10008 10006 10002 9996 9990 9986 9986 9989 9995 10001 10006 10008
2656.4631 10008 10007 10006 10007 10009 10013 10018 10023 10026 10028 10026
2661.7666 10022 10016 10009 10001 9994 9987 9981 9976 9973 9973 9977 9984 9993
2668.0339 10002 10010 10016 10019 10020 10022 10025 10029 10033 10035 10034
2673.3374 10029 10021 10013 10008 10005 10006 10009 10014 10018 10020 10020
2678.6406 10018 10014 10008 10001 9994 9987 9981 9978 9979 9982 9989 9997
2684.4260 10005 10012 10017 10021 10022 10021 10018 10014 10010 10007 10004
2689.7292 10002 9999 9996 9993 9992 9992 9996 10001 10005 10007 10007 10006
2695.5146 10005 10007 10011 10017 10021 10024 10024 10023 10022 10022 10022
2700.8179 10020 10016 10010 10006 10003 10004 10007 10011 10015 10019 10023
2706.1213 10026 10029 10028 10024 10018 10013 10009 10008 10008 10009 10009
2711.4246 10007 10005 10004 10005 10007 10011 10014 10016 10019 10021 10023
2716.7278 10023 10021 10017 10013 10010 10011 10017 10027 10037 10044 10046
2722.0310 10040 10030 10019 10010 10005 10006 10009 10012 10013 10011 10010
2727.3345 10011 10015 10020 10023 10025 10025 10024 10024 10024 10025 10024
2732.6377 10023 10022 10022 10024 10027 10032 10035 10037 10036 10034 10030
2737.9409 10027 10024 10024 10026 10029 10034 10036 10036 10033 10028 10023
2743.2441 10018 10014 10011 10007 10005 10005 10010 10017 10027 10035 10039
2748.5476 10041 10041 10043 10047 10053 10057 10056 10052 10044 10036 10030
2753.8508 10028 10028 10028 10027 10023 10019 10015 10014 10014 10017 10020
2759.1541 10025 10030 10035 10042 10050 10058 10064 10068 10068 10066 10061
2764.4573 10057 10053 10051 10050 10049 10048 10047 10046 10045 10045 10045
2769.7607 10044 10041 10037 10032 10028 10027 10030 10035 10041 10045 10046
2775.0640 10042 10036 10030 10025 10023 10025 10029 10034 10039 10044 10046
2780.3672 10046 10043 10037 10028 10019 10011 10008 10010 10015 10021 10026
2785.6704 10031 10034 10036 10037 10038 10036 10035 10035 10038 10042 10047
2790.9739 10050 10049 10044 10038 10030 10022 10015 10010 10007 10007 10011
2796.2771 10017 10025 10032 10035 10035 10032 10028 10025 10023 10023 10022
2801.5803 10022 10022 10023 10025 10028 10030 10031 10031 10030 10028 10026
2806.8835 10025 10026 10029 10033 10037 10040 10039 10034 10026 10018 10012
2812.1870 10009 10009 10011 10013 10016 10017 10019 10020 10021 10024 10028
2817.4902 10033 10039 10042 10040 10032 10018 10002 9989 9982 9982 9988 9997
2823.2756 10006 10013 10018 10021 10023 10025 10024 10022 10017 10012 10010
2828.5789 10012 10020 10034 10049 10060 10064 10059 10046 10030 10015 10005
2833.8821 10000 10000 10002 10005 10010 10016 10024 10031 10038 10043 10048
2839.1855 10052 10055 10058 10058 10055 10048 10039 10028 10019 10013 10010
2844.4888 10010 10009 10006 10001 9994 9988 9984 9981 9981 9982 9982 9982 9979
2850.7563 9974 9968 9963 9962 9966 9973 9981 9986 9987 9985 9984 9985 9989
2857.0237 9996 10004 10011 10014 10013 10007 9996 9983 9972 9966 9967 9972
2862.8091 9977 9980 9981 9983 9988 9999 10010 10020 10022 10017 10007 9997
2868.5945 9990 9990 9996 10007 10019 10029 10034 10033 10028 10021 10015 10010
2874.3799 10007 10004 10002 10002 10005 10012 10021 10029 10033 10030 10019
2879.6833 10005 9991 9981 9979 9983 9992 10003 10013 10018 10017 10010 9998
2885.4688 9985 9975 9972 9975 9984 9996 10008 10016 10020 10019 10014 10005
2891.2542 9995 9987 9984 9987 9998 10014 10030 10041 10046 10043 10035 10023
2897.0396 10011 9998 9986 9975 9968 9967 9973 9984 9996 10004 10008 10007
2902.8250 10004 10000 9997 9993 9988 9981 9976 9974 9975 9978 9980 9979 9972
2909.0923 9963 9953 9948 9946 9948 9952 9958 9964 9970 9975 9977 9973 9962
2915.3599 9947 9932 9921 9918 9922 9928 9934 9937 9939 9941 9946 9951 9954
2921.6274 9950 9938 9922 9909 9904 9909 9923 9939 9949 9950 9941 9925 9907
2927.8950 9894 9888 9891 9898 9907 9913 9917 9919 9923 9930 9940 9951 9958
2934.1624 9960 9955 9945 9930 9915 9902 9894 9891 9892 9896 9899 9900 9899
2940.4299 9897 9896 9896 9897 9898 9898 9898 9900 9904 9908 9911 9913 9913
2946.6975 9910 9906 9899 9890 9881 9872 9866 9863 9862 9862 9861 9859 9858
2952.9651 9858 9859 9861 9862 9862 9862 9863 9864 9864 9859 9848 9832 9818
2959.2324 9809 9810 9818 9830 9840 9845 9844 9838 9828 9818 9810 9805 9801
2965.5000 9799 9795 9787 9776 9761 9745 9730 9721 9717 9722 9734 9751 9773
2971.7676 9796 9820 9841 9859 9873 9881 9883 9880 9875 9869 9866 9866 9870
2978.0352 9876 9885 9896 9908 9920 9928 9930 9925 9916 9905 9896 9894 9899
2984.3025 9908 9918 9927 9933 9935 9935 9932 9927 9921 9914 9907 9901 9897
2990.5701 9897 9900 9903 9905 9906 9904 9900 9895 9890 9887 9887 9890 9898
2996.8376 9909 9920 9929 9933 9932 9930 9929 9931 9936 9942 9946 9945 9938
3003.1052 9928 9916 9905 9898 9894 9893 9895 9899 9904 9909 9912 9912 9908
3009.3726 9900 9891 9885 9883 9886 9892 9898 9904 9907 9908 9906 9899 9889
3015.6401 9878 9871 9871 9880 9894 9908 9918 9921 9918 9912 9908 9907 9909
3021.9077 9912 9915 9914 9911 9906 9901 9897 9896 9896 9895 9894 9893 9894
3028.1753 9899 9908 9920 9934 9948 9957 9960 9957 9948 9938 9928 9921 9918
3034.4426 9918 9920 9923 9929 9938 9952 9967 9982 9990 9989 9979 9964 9949
3040.7102 9940 9939 9945 9954 9961 9963 9960 9954 9949 9948 9951 9956 9962
3046.9778 9965 9966 9964 9958 9952 9945 9940 9937 9936 9938 9940 9940 9937
3053.2454 9931 9923 9916 9914 9917 9924 9930 9934 9931 9923 9912 9901 9896
3059.5127 9898 9906 9913 9913 9902 9879 9851 9825 9808 9805 9810 9818 9823
3065.7803 9824 9822 9819 9819 9820 9820 9817 9809 9798 9786 9775 9766 9760
3072.0479 9756 9755 9755 9756 9755 9751 9746 9739 9732 9727 9719 9709 9693
3078.3154 9674 9658 9648 9648 9656 9668 9680 9688 9693 9694 9694 9691 9684
3084.5828 9675 9665 9657 9654 9659 9669 9683 9694 9701 9701 9696 9690 9688
3090.8503 9696 9713 9735 9756 9768 9770 9765 9757 9754 9757 9766 9779 9793
3097.1179 9806 9816 9824 9829 9834 9841 9851 9865 9881 9895 9907 9915 9923
3103.3855 9929 9935 9939 9941 9941 9942 9945 9949 9953 9956 9957 9958 9960
3109.6528 9962 9962 9956 9944 9927 9911 9899 9891 9888 9887 9891 9900 9914
3115.9204 9929 9941 9944 9939 9927 9917 9913 9913 9915 9912 9903 9887 9868
3122.1880 9851 9837 9828 9821 9816 9812 9807 9802 9795 9788 9781 9778 9778
3128.4556 9781 9785 9788 9791 9796 9805 9818 9832 9841 9843 9838 9832 9831
3134.7229 9840 9856 9874 9887 9893 9892 9892 9896 9906 9918 9929 9934 9932
3140.9905 9927 9922 9922 9927 9933 9939 9941 9938 9933 9930 9930 9934 9941
3147.2581 9945 9946 9941 9932 9922 9913 9907 9906 9909 9916 9925 9931 9934
3153.5256 9934 9933 9933 9935 9936 9934 9927 9916 9903 9891 9883 9877 9873
3159.7930 9872 9875 9883 9896 9913 9928 9938 9940 9937 9929 9919 9911 9905
3166.0605 9901 9898 9895 9891 9886 9881 9879 9879 9883 9887 9890 9891 9887
3172.3281 9879 9870 9860 9854 9853 9856 9863 9870 9876 9878 9875 9868 9859
3178.5957 9848 9841 9839 9845 9859 9876 9892 9903 9908 9908 9905 9903 9902
3184.8630 9903 9903 9902 9898 9890 9878 9863 9849 9839 9836 9840 9851 9865
3191.1306 9880 9892 9900 9900 9891 9875 9857 9841 9833 9834 9842 9852 9859
3197.3982 9861 9862 9863 9867 9871 9875 9876 9875 9876 9881 9893 9908 9923
3203.6658 9934 9936 9929 9913 9892 9869 9849 9835 9831 9836 9849 9868 9886
3209.9331 9900 9908 9911 9909 9907 9906 9909 9912 9913 9910 9902 9890 9877
3216.2007 9869 9865 9866 9870 9875 9882 9891 9901 9910 9913 9910 9900 9890
3222.4683 9884 9886 9896 9908 9920 9929 9934 9938 9941 9940 9935 9926 9914
3228.7358 9903 9894 9886 9879 9872 9865 9861 9863 9871 9886 9902 9914 9918
3235.0032 9913 9902 9891 9884 9882 9886 9894 9906 9920 9933 9941 9942 9932
3241.2708 9914 9894 9879 9874 9881 9895 9911 9925 9932 9934 9931 9926 9919
3247.5383 9915 9913 9914 9918 9919 9916 9908 9897 9887 9882 9884 9890 9897
3253.8059 9905 9912 9920 9927 9931 9929 9922 9913 9908 9911 9921 9936 9951
3260.0732 9962 9967 9968 9965 9960 9952 9941 9931 9924 9921 9922 9925 9925
3266.3408 9922 9918 9916 9921 9934 9952 9967 9974 9970 9958 9941 9927 9919
3272.6084 9920 9928 9941 9955 9967 9974 9975 9972 9967 9965 9967 9971 9973
3278.8760 9971 9962 9950 9939 9934 9937 9946 9956 9960 9956 9948 9937 9930
3285.1433 9928 9929 9934 9939 9946 9957 9971 9987 10001 10010 10013 10012
3290.9287 10011 10010 10010 10005 9994 9975 9955 9937 9926 9921 9921 9924 9931
3297.1963 9943 9961 9982 9999 10006 10001 9985 9966 9950 9941 9940 9943 9949
3303.4639 9954 9958 9960 9963 9967 9975 9985 9996 10006 10010 10005 9991 9971
3309.7314 9951 9939 9941 9957 9983 10008 10024 10025 10013 9994 9975 9961 9952
3315.9988 9948 9946 9946 9947 9950 9954 9958 9963 9968 9976 9984 9990 9992
3322.2664 9988 9981 9973 9966 9959 9950 9937 9923 9915 9916 9928 9945 9959
3328.5339 9966 9964 9959 9957 9963 9976 9992 10006 10014 10016 10013 10006
3334.3193 9998 9989 9982 9977 9972 9968 9960 9949 9937 9927 9924 9928 9939
3340.5869 9955 9972 9986 9994 9995 9990 9979 9968 9960 9957 9959 9967 9977
3346.8542 9988 9997 10004 10009 10011 10009 10003 9994 9986 9982 9984 9991
3352.6396 10001 10010 10014 10013 10009 10003 9999 9994 9988 9979 9969 9961
3358.4250 9957 9958 9963 9969 9973 9974 9973 9972 9974 9980 9989 9999 10010
3364.6926 10023 10034 10041 10041 10030 10012 9993 9982 9986 10004 10031 10053
3370.4780 10062 10053 10029 9998 9970 9953 9948 9953 9965 9977 9986 9991 9992
3376.7456 9991 9992 9997 10006 10019 10032 10040 10042 10035 10021 10005 9992
3382.5310 9986 9990 9998 10007 10009 10003 9990 9978 9971 9973 9982 9992 9996
3388.7986 9990 9975 9955 9938 9932 9940 9962 9993 10023 10043 10046 10032
3394.5840 10007 9978 9955 9942 9944 9955 9973 9991 10007 10020 10030 10037
3400.3694 10039 10034 10022 10005 9987 9973 9965 9964 9965 9966 9965 9966 9973
3406.6367 9985 10000 10011 10012 10003 9986 9968 9957 9952 9952 9954 9959 9966
3412.9043 9975 9984 9988 9985 9972 9955 9941 9934 9937 9949 9966 9985 10004
3419.1719 10020 10030 10034 10031 10024 10017 10013 10014 10016 10016 10012
3424.4751 10005 9997 9993 9993 9996 9997 9992 9982 9972 9967 9973 9989 10010
3430.7427 10029 10038 10038 10033 10027 10023 10021 10019 10016 10012 10009
3436.0459 10007 10007 10008 10009 10006 9999 9988 9973 9960 9952 9952 9959
3441.8313 9968 9971 9963 9947 9929 9918 9920 9937 9966 10000 10030 10048 10053
3448.0989 10046 10031 10013 9997 9986 9978 9971 9962 9951 9941 9937 9943 9961
3454.3665 9985 10007 10017 10013 9995 9972 9953 9945 9948 9959 9972 9985 9996
3460.6338 10004 10009 10009 10004 9996 9987 9982 9984 9992 10002 10010 10013
3466.4192 10011 10007 10003 10000 9999 10001 10006 10011 10015 10013 10005
3471.7227 9991 9973 9956 9944 9938 9940 9949 9960 9969 9970 9962 9947 9931
3477.9900 9920 9916 9914 9906 9887 9856 9820 9786 9762 9747 9740 9737 9739
3484.2576 9746 9760 9781 9804 9828 9850 9869 9881 9885 9877 9858 9831 9802
3490.5251 9776 9757 9745 9737 9729 9718 9704 9691 9681 9676 9677 9679 9678
3496.7927 9674 9669 9666 9667 9671 9671 9660 9634 9595 9551 9511 9484 9473
3503.0601 9476 9487 9500 9514 9527 9536 9540 9536 9522 9502 9481 9467 9463
3509.3276 9466 9473 9478 9480 9480 9479 9475 9467 9452 9431 9409 9392 9386
3515.5952 9390 9404 9424 9448 9474 9498 9515 9523 9520 9510 9499 9496 9501
3521.8628 9515 9534 9554 9572 9589 9604 9617 9627 9633 9633 9631 9628 9628
3528.1301 9633 9642 9652 9660 9665 9668 9674 9688 9711 9743 9774 9796 9801
3534.3977 9789 9763 9734 9713 9707 9714 9729 9744 9750 9747 9734 9716 9699
3540.6653 9688 9686 9695 9712 9732 9752 9766 9772 9773 9771 9767 9763 9759
3546.9329 9753 9744 9734 9724 9718 9716 9718 9725 9731 9735 9734 9727 9717
3553.2002 9707 9701 9699 9703 9712 9724 9735 9741 9736 9719 9692 9660 9635
3559.4678 9625 9632 9652 9672 9682 9678 9662 9640 9618 9600 9585 9573 9564
3565.7354 9564 9579 9606 9632 9643 9632 9605 9574 9551 9542 9545 9554 9560
3572.0029 9560 9554 9552 9561 9585 9620 9652 9667 9657 9623 9578 9534 9502
3578.2703 9485 9482 9490 9503 9520 9537 9548 9547 9529 9493 9443 9393 9353
3584.5378 9332 9335 9359 9396 9433 9456 9457 9442 9423 9411 9411 9418 9427
3590.8054 9431 9428 9414 9392 9368 9350 9345 9354 9372 9391 9397 9383 9348
3597.0730 9300 9252 9217 9204 9214 9242 9277 9311 9337 9355 9367 9374 9374
3603.3403 9368 9356 9341 9327 9316 9309 9306 9310 9324 9348 9377 9400 9403
3609.6079 9383 9351 9321 9306 9307 9322 9340 9354 9365 9375 9385 9391 9386
3615.8755 9373 9361 9363 9388 9434 9483 9512 9508 9483 9458 9450 9464 9495
3622.1431 9535 9576 9609 9625 9620 9594 9553 9507 9464 9432 9415 9414 9437
3628.4106 9491 9573 9650 9696 9715 9721 9722 9719 9710 9694 9679 9673 9680
3634.6780 9693 9701 9700 9692 9685 9687 9700 9720 9737 9745 9746 9746 9750
3640.9456 9760 9772 9781 9784 9780 9772 9761 9748 9734 9721 9714 9725 9762
3647.2131 9823 9888 9934 9946 9925 9883 9846 9833 9845 9871 9897 9918 9928
3653.4807 9930 9923 9911 9895 9879 9868 9863 9861 9862 9867 9879 9896 9915
3659.7480 9927 9930 9923 9910 9897 9888 9884 9884 9885 9886 9888 9893 9904
3666.0156 9922 9947 9973 9997 10009 10003 9977 9939 9908 9902 9919 9945 9969
3672.2832 9991 10014 10039 10057 10055 10018 9961 9920 9908 9914 9928 9945
3678.0686 9957 9958 9951 9947 9958 9987 10024 10054 10066 10053 10020 9980
3683.8540 9944 9923 9916 9918 9926 9939 9959 9991 10036 10080 10105 10098
3689.6394 10069 10035 10012 10006 10008 10008 10000 9987 9979 9982 9999 10024
3695.4248 10045 10052 10040 10014 9987 9970 9969 9985 10010 10039 10061 10069
3701.2102 10061 10039 10013 9992 9981 9983 9997 10021 10045 10058 10051 10024
3706.9956 9981 9935 9898 9882 9894 9928 9971 10010 10042 10066 10079 10074
3712.7810 10047 10008 9970 9946 9942 9959 9985 10007 10013 10003 9980 9956
3718.5664 9939 9932 9929 9925 9916 9904 9896 9898 9911 9925 9933 9932 9924
3724.8340 9913 9905 9906 9915 9930 9945 9961 9979 10004 10036 10072 10106
3730.6194 10124 10114 10068 10000 9932 9880 9855 9861 9901 9966 10033 10072
3736.4048 10071 10043 10005 9968 9941 9922 9912 9910 9917 9935 9964 10005
3742.1902 10057 10117 10171 10192 10150 10061 9976 9918 9890 9889 9912 9955
3747.9756 10009 10062 10095 10093 10053 9987 9912 9851 9831 9859 9912 9959
3753.7610 9987 10001 10003 9998 9989 9977 9966 9956 9944 9933 9925 9928 9948
3760.0283 9980 10013 10036 10047 10043 10028 10004 9974 9945 9925 9922 9942
3765.8137 9981 10026 10060 10081 10087 10080 10062 10039 10022 10016 10017
3771.1172 10015 10006 9991 9971 9953 9943 9942 9949 9955 9956 9951 9944 9941
3777.3845 9949 9967 9990 10012 10024 10024 10016 10004 9991 9980 9969 9958
3783.1699 9950 9944 9945 9953 9966 9978 9985 9982 9967 9945 9921 9905 9902
3789.4375 9913 9934 9959 9981 9999 10011 10015 10012 10002 9986 9965 9939 9909
3795.7051 9880 9861 9859 9872 9891 9906 9915 9919 9918 9915 9917 9934 9967
3801.9727 10000 10020 10028 10031 10031 10032 10032 10032 10033 10036 10041
3807.2759 10040 10028 10013 10003 10003 10009 10016 10016 10006 9990 9974 9964
3813.0613 9963 9968 9974 9974 9963 9947 9940 9949 9963 9975 9985 9988 9982
3819.3289 9958 9914 9863 9841 9866 9912 9951 9971 9975 9969 9959 9945 9931
3825.5962 9918 9912 9913 9919 9926 9927 9923 9915 9908 9908 9916 9930 9945
3831.8638 9951 9948 9944 9950 9972 10012 10063 10112 10152 10178 10186 10168
3837.6492 10119 10049 9978 9927 9906 9913 9938 9963 9979 9985 9989 9999 10017
3843.9167 10036 10047 10044 10032 10019 10012 10010 10013 10016 10019 10024
3849.2200 10034 10048 10061 10065 10051 10019 9981 9968 10015 10114 10197
3854.5232 10217 10187 10137 10090 10054 10033 10026 10027 10029 10027 10021
3859.8267 10011 10000 9993 9992 9994 9996 9994 9990 9986 9989 9998 10006 10005
3866.0940 9992 9974 9958 9949 9944 9945 9953 9977 10008 10025 10018 9993 9962
3872.3616 9931 9906 9895 9907 9935 9963 9980 9983 9978 9972 9969 9971 9979
3878.6292 9990 10001 10011 10022 10032 10035 10027 10011 9990 9971 9958 9957
3884.4146 9972 9999 10028 10043 10034 10008 9978 9956 9947 9951 9964 9977 9982
3890.6821 9974 9961 9952 9956 9971 9991 10010 10020 10015 9997 9971 9945 9923
3896.9495 9909 9901 9903 9917 9945 9979 10006 10016 10008 9986 9961 9949 9956
3903.2170 9983 10022 10061 10090 10103 10102 10093 10082 10074 10073 10079
3908.5203 10087 10094 10094 10086 10070 10052 10034 10020 10008 9998 9988 9976
3914.3057 9962 9948 9936 9931 9936 9952 9970 9977 9968 9944 9914 9892 9892
3920.5732 9919 9966 10018 10064 10091 10095 10078 10047 10016 9994 9981 9971
3926.3586 9958 9943 9927 9916 9912 9913 9919 9926 9935 9947 9963 9983 10000
3932.6262 10008 10005 9993 9977 9964 9957 9956 9961 9969 9974 9974 9971 9966
3938.8938 9965 9968 9975 9985 9995 10002 10003 9998 9985 9969 9955 9950 9959
3945.1611 9980 10006 10026 10028 10008 9973 9938 9917 9916 9930 9949 9963 9968
3951.4287 9967 9966 9969 9975 9983 9988 9991 9992 9994 9995 9996 9995 9994
3957.6963 9994 9996 9997 9994 9984 9969 9954 9947 9953 9969 9989 10003 10008
3963.9639 10005 9998 9994 9996 10003 10008 10009 10001 9986 9966 9946 9927
3969.7493 9913 9903 9899 9903 9916 9936 9959 9978 9991 9994 9992 9990 9992
3976.0166 9997 10003 10004 9998 9986 9975 9973 9983 10004 10029 10052 10068
3981.8020 10075 10075 10069 10056 10037 10011 9983 9959 9942 9932 9928 9926
3987.5874 9926 9929 9937 9951 9966 9978 9987 9994 10004 10022 10047 10073
3993.3728 10093 10102 10097 10081 10059 10035 10012 9992 9977 9968 9967 9974
3999.1582 9987 10001 10004
##END= 
