##TITLE= RQQII
##JCAMP-DX= 4.24
##DATA TYPE= INFRARED SPECTRUM
##ORIGIN= JASCO
##OWNER= 
##DATE= 19/12/19
##TIME= 12:37:17
##SPECTROMETER/DATA SYSTEM= 
##RESOLUTION= 
##DELTAX=   0.48211674
##XUNITS= 1/CM
##YUNITS= TRANSMITTANCE
##XFACTOR= 1.00000
##YFACTOR= 0.0001
##FIRSTX=   649.8934
##LASTX=  4000.1226
##NPOINTS=     6950
##FIRSTY=      0.96575
##MAXY=      1.02242
##MINY=      0.56821
##XYDATA= (X++(Y..Y))
649.8934 9658 9621 9567 9520 9491 9482 9491 9522 9579 9664 9771 9883 9979
656.1609 10041 10053 10003 9889 9716 9508 9305 9149 9060 9037 9049 9064 9055
662.4284 9021 8976 8939 8919 8919 8931 8945 8955 8947 8894 8733 8383 7956 7794
669.1780 7907 8095 8265 8399 8497 8566 8616 8655 8692 8729 8763 8791 8811 8817
675.9277 8809 8782 8738 8680 8612 8536 8453 8364 8276 8206 8174 8196 8271 8378
682.6773 8480 8545 8555 8524 8484 8468 8487 8530 8564 8559 8506 8425 8356 8333
689.4269 8367 8440 8518 8573 8597 8600 8601 8614 8651 8706 8752 8779 8793 8808
696.1766 8831 8864 8911 8978 9071 9189 9323 9460 9584 9681 9743 9768 9756 9717
702.9262 9666 9620 9595 9593 9610 9631 9644 9641 9625 9601 9575 9547 9511 9459
709.6758 9386 9294 9196 9108 9044 9011 9009 9031 9074 9131 9196 9258 9323 9344
716.4255 9344 9336 9338 9363 9409 9461 9500 9518 9517 9513 9523 9555 9603 9656
723.1751 9702 9730 9737 9727 9709 9694 9692 9709 9743 9785 9825 9849 9854 9839
729.9247 9813 9788 9773 9770 9776 9782 9783 9782 9790 9818 9868 9925 9959 9946
736.6744 9878 9772 9664 9590 9572 9607 9676 9753 9816 9855 9872 9874 9870 9869
743.4240 9874 9889 9908 9922 9919 9893 9847 9790 9736 9697 9678 9676 9684 9693
750.1736 9695 9684 9662 9632 9604 9585 9577 9577 9580 9575 9554 9508 9429 9310
756.9233 9147 8945 8720 8490 8278 8104 7987 7942 7980 8101 8297 8542 8806 9061
763.6729 9288 9481 9640 9769 9862 9915 9925 9897 9848 9799 9767 9762 9787 9835
770.4225 9894 9951 9992 10010 10006 9986 9964 9950 9947 9953 9963 9970 9970
776.6901 9963 9952 9940 9928 9916 9904 9892 9880 9868 9859 9852 9846 9840 9831
783.4397 9818 9801 9779 9751 9715 9670 9616 9553 9481 9401 9316 9232 9159 9104
790.1893 9072 9053 9031 8988 8909 8791 8645 8500 8391 8355 8415 8577 8817 9094
796.9390 9358 9569 9711 9790 9826 9842 9854 9867 9882 9897 9916 9940 9971
803.2065 10010 10053 10096 10132 10158 10168 10162 10143 10117 10092 10071
808.5098 10055 10039 10016 9983 9941 9900 9872 9865 9882 9917 9959 9997 10022
814.7773 10035 10041 10045 10050 10054 10051 10032 9998 9953 9911 9885 9881
820.5627 9896 9919 9936 9938 9920 9886 9843 9796 9752 9715 9685 9660 9634 9599
827.3123 9543 9456 9335 9188 9038 8918 8864 8897 9019 9203 9409 9599 9753 9872
834.0620 9970 10060 10142 10203 10224 10199 10137 10061 9994 9954 9944 9957
839.8474 9983 10012 10038 10057 10065 10061 10049 10032 10017 10005 9994 9980
845.6328 9956 9923 9889 9862 9850 9853 9867 9884 9897 9904 9906 9905 9900 9888
852.3824 9869 9848 9832 9832 9851 9883 9920 9950 9969 9977 9976 9970 9960 9946
859.1320 9930 9916 9906 9901 9903 9913 9931 9957 9987 10011 10018 10001 9962
865.3995 9913 9870 9844 9838 9844 9850 9850 9843 9835 9833 9837 9840 9834 9812
872.1492 9771 9716 9658 9603 9560 9531 9510 9491 9462 9416 9351 9274 9198 9133
878.8988 9084 9047 9015 8977 8929 8873 8809 8742 8671 8601 8539 8497 8486 8512
885.6484 8576 8666 8770 8876 8979 9077 9172 9262 9345 9418 9479 9532 9584 9639
892.3981 9701 9768 9833 9889 9930 9952 9957 9948 9935 9921 9911 9905 9904 9909
899.1477 9920 9933 9941 9937 9916 9881 9843 9812 9792 9780 9765 9738 9696 9643
905.8973 9587 9536 9493 9458 9427 9398 9369 9341 9314 9290 9273 9261 9251 9241
912.6470 9227 9211 9202 9210 9243 9303 9383 9468 9548 9614 9667 9708 9744 9773
919.3966 9797 9810 9813 9804 9786 9763 9740 9723 9713 9711 9709 9700 9678 9641
926.1462 9594 9547 9509 9485 9475 9473 9471 9463 9445 9416 9380 9340 9303 9271
932.8959 9245 9226 9216 9216 9230 9261 9307 9360 9412 9457 9491 9516 9538 9556
939.6455 9568 9569 9552 9511 9447 9361 9262 9160 9068 8998 8961 8964 9005 9081
946.3951 9183 9301 9424 9543 9651 9743 9813 9862 9891 9906 9911 9916 9925 9942
953.1448 9963 9985 10004 10018 10031 10047 10071 10101 10132 10155 10164 10157
958.9302 10140 10117 10094 10072 10050 10030 10016 10012 10018 10030 10039
964.2335 10033 10012 9982 9955 9940 9941 9951 9962 9965 9961 9953 9946 9943
970.5010 9942 9937 9929 9917 9904 9892 9882 9872 9862 9849 9832 9808 9777 9742
977.2506 9704 9666 9631 9597 9563 9525 9483 9435 9382 9326 9270 9215 9165 9119
984.0002 9074 9029 8982 8936 8890 8843 8789 8723 8640 8544 8447 8361 8294 8247
990.7499 8213 8185 8161 8143 8140 8160 8206 8277 8367 8466 8569 8671 8770 8869
997.4995 8967 9066 9165 9261 9350 9427 9490 9538 9575 9604 9630 9653 9671 9681
1004.2491 9681 9672 9657 9641 9626 9611 9597 9580 9562 9543 9523 9502 9477
1010.5167 9446 9407 9362 9314 9264 9216 9170 9130 9098 9075 9059 9047 9036
1016.7842 9023 9012 9010 9023 9055 9104 9167 9235 9304 9371 9435 9496 9552
1023.0517 9599 9635 9659 9677 9694 9715 9737 9754 9760 9750 9727 9698 9666
1029.3192 9633 9595 9550 9501 9453 9413 9382 9361 9344 9328 9312 9295 9279
1035.5868 9267 9261 9265 9281 9313 9356 9409 9464 9517 9569 9616 9657 9692
1041.8542 9718 9738 9756 9779 9808 9841 9872 9894 9905 9907 9905 9905 9909
1048.1218 9914 9917 9917 9915 9915 9922 9934 9948 9956 9955 9944 9927 9911
1054.3893 9902 9906 9922 9946 9970 9986 9988 9977 9960 9945 9934 9930 9928
1060.6569 9926 9920 9912 9904 9897 9893 9890 9887 9883 9873 9853 9824 9785
1066.9243 9742 9699 9658 9621 9584 9544 9501 9453 9404 9356 9311 9272 9240
1073.1919 9218 9206 9206 9220 9248 9289 9339 9392 9442 9488 9532 9576 9621
1079.4594 9664 9702 9732 9757 9781 9807 9836 9866 9893 9914 9928 9939 9949
1085.7269 9960 9972 9978 9977 9965 9945 9921 9900 9887 9884 9889 9898 9906
1091.9944 9912 9915 9916 9915 9911 9901 9882 9854 9819 9781 9743 9709 9680
1098.2620 9655 9635 9617 9601 9585 9566 9540 9505 9462 9417 9373 9334 9300
1104.5294 9271 9246 9228 9220 9224 9239 9262 9288 9316 9347 9383 9425 9474
1110.7970 9524 9573 9616 9651 9681 9705 9726 9749 9774 9802 9828 9850 9863
1117.0645 9866 9860 9851 9841 9833 9829 9828 9827 9824 9815 9799 9776 9751
1123.3320 9726 9704 9686 9671 9661 9655 9654 9655 9653 9641 9615 9577 9533
1129.5995 9492 9459 9436 9419 9402 9380 9352 9316 9274 9226 9175 9120 9064
1135.8671 9010 8960 8914 8868 8819 8764 8701 8632 8562 8494 8429 8365 8297
1142.1345 8220 8132 8035 7936 7842 7763 7705 7676 7681 7724 7807 7926 8072
1148.4021 8234 8396 8551 8693 8821 8935 9035 9116 9174 9209 9225 9231 9239
1154.6696 9255 9281 9314 9347 9376 9396 9407 9410 9406 9395 9381 9366 9356
1160.9371 9350 9347 9346 9344 9341 9340 9343 9349 9358 9363 9362 9351 9333
1167.2046 9311 9292 9278 9270 9267 9264 9257 9245 9228 9208 9188 9167 9144
1173.4722 9116 9080 9037 8989 8939 8890 8844 8800 8756 8711 8665 8619 8576
1179.7396 8536 8502 8473 8450 8435 8429 8436 8455 8485 8521 8556 8586 8606
1186.0072 8617 8623 8625 8623 8617 8601 8575 8538 8496 8453 8411 8372 8331
1192.2747 8283 8225 8154 8073 7988 7905 7825 7752 7685 7623 7571 7533 7518
1198.5422 7530 7569 7628 7700 7765 7817 7849 7861 7855 7836 7806 7768 7723
1204.8097 7668 7606 7538 7466 7393 7321 7248 7174 7100 7027 6957 6894 6840
1211.0773 6795 6756 6719 6682 6640 6594 6542 6485 6423 6359 6295 6233 6176
1217.3447 6125 6082 6046 6021 6005 5997 5993 5992 5992 5995 6005 6024 6055
1223.6123 6100 6155 6220 6293 6370 6447 6520 6581 6623 6641 6633 6598 6540
1229.8798 6466 6380 6288 6194 6101 6011 5929 5856 5795 5747 5711 5689 5682
1236.1473 5691 5719 5768 5839 5930 6038 6160 6291 6430 6575 6725 6880 7038
1242.4148 7196 7353 7504 7647 7780 7903 8017 8121 8218 8310 8397 8479 8553
1248.6824 8619 8673 8717 8750 8775 8796 8815 8834 8853 8871 8887 8899 8907
1254.9498 8913 8917 8924 8934 8949 8966 8985 9003 9021 9040 9060 9080 9099
1261.2174 9115 9128 9138 9147 9156 9162 9163 9157 9144 9124 9100 9072 9039
1267.4849 9002 8959 8909 8854 8796 8736 8677 8619 8562 8504 8444 8381 8318
1273.7524 8256 8199 8148 8101 8058 8018 7983 7954 7933 7921 7918 7923 7936
1280.0199 7960 7996 8046 8110 8184 8267 8354 8442 8528 8609 8684 8752 8813
1286.2875 8868 8917 8961 9002 9038 9070 9097 9116 9127 9130 9125 9114 9101
1292.5549 9088 9076 9065 9055 9043 9028 9008 8981 8948 8909 8865 8819 8770
1298.8225 8718 8661 8599 8529 8453 8372 8290 8210 8133 8059 7986 7914 7841
1305.0900 7768 7696 7629 7569 7521 7486 7467 7461 7468 7483 7505 7536 7578
1311.3575 7634 7706 7792 7889 7991 8094 8193 8290 8384 8474 8560 8640 8714
1317.6250 8781 8843 8901 8955 9003 9045 9081 9111 9139 9166 9193 9220 9247
1323.8926 9273 9298 9320 9340 9359 9377 9394 9410 9424 9434 9440 9441 9438
1330.1600 9433 9428 9425 9425 9428 9431 9432 9428 9420 9410 9399 9392 9388
1336.4276 9387 9384 9378 9368 9356 9346 9342 9347 9360 9376 9393 9406 9415
1342.6951 9419 9416 9408 9395 9378 9359 9339 9320 9298 9273 9243 9209 9171
1348.9626 9133 9098 9067 9043 9022 9006 8992 8981 8972 8964 8956 8950 8948
1355.2301 8951 8961 8973 8985 8991 8991 8984 8971 8953 8930 8903 8873 8844
1361.4977 8818 8796 8773 8743 8703 8654 8606 8567 8541 8531 8530 8533 8533
1367.7651 8529 8522 8517 8516 8517 8516 8509 8494 8469 8437 8398 8354 8307
1374.0327 8258 8211 8168 8128 8087 8046 8004 7964 7927 7898 7879 7872 7877
1380.3002 7895 7924 7962 8006 8052 8101 8151 8200 8246 8287 8322 8351 8374
1386.5677 8393 8410 8426 8441 8458 8477 8502 8538 8587 8648 8717 8791 8866
1392.8352 8941 9017 9098 9183 9270 9350 9414 9463 9501 9535 9568 9604 9640
1399.1028 9673 9697 9714 9725 9735 9747 9759 9768 9773 9772 9764 9752 9740
1405.3702 9728 9717 9705 9691 9676 9659 9643 9627 9611 9595 9578 9561 9542
1411.6378 9522 9502 9481 9461 9442 9426 9411 9398 9384 9368 9351 9336 9325
1417.9053 9319 9317 9314 9305 9281 9244 9199 9151 9103 9054 9004 8958 8921
1424.1729 8901 8895 8899 8910 8928 8952 8982 9016 9052 9091 9133 9179 9224
1430.4403 9262 9287 9299 9302 9300 9296 9293 9293 9296 9301 9308 9312 9313
1436.7079 9311 9304 9288 9264 9239 9214 9191 9169 9147 9124 9100 9073 9043
1442.9753 9009 8971 8929 8886 8845 8808 8779 8762 8761 8783 8828 8887 8942
1449.2429 8986 9016 9039 9058 9077 9095 9111 9121 9125 9125 9122 9121 9124
1455.5104 9132 9148 9172 9204 9236 9261 9280 9300 9322 9348 9376 9402 9423
1461.7780 9438 9447 9452 9455 9459 9467 9480 9495 9506 9509 9506 9502 9497
1468.0454 9490 9482 9470 9457 9442 9426 9407 9383 9359 9344 9341 9340 9332
1474.3130 9317 9300 9280 9256 9224 9187 9148 9109 9072 9038 9004 8971 8938
1480.5804 8907 8882 8864 8851 8837 8818 8788 8749 8704 8654 8602 8544 8476
1486.8480 8396 8310 8224 8144 8067 7991 7915 7848 7798 7762 7735 7716 7704
1493.1155 7702 7710 7730 7770 7839 7946 8084 8227 8348 8447 8543 8652 8769
1499.3831 8879 8964 9027 9079 9130 9185 9239 9283 9316 9341 9362 9383 9400
1505.6505 9408 9415 9444 9489 9525 9547 9563 9577 9590 9604 9617 9633 9653
1511.9181 9676 9698 9716 9727 9731 9733 9734 9736 9739 9744 9758 9781 9803
1518.1855 9821 9835 9850 9865 9876 9878 9878 9888 9903 9909 9906 9901 9897
1524.4531 9894 9893 9892 9891 9888 9883 9877 9872 9870 9870 9870 9866 9859
1530.7206 9847 9832 9815 9798 9785 9780 9787 9798 9804 9801 9794 9787 9783
1536.9882 9784 9788 9789 9782 9770 9773 9801 9835 9856 9867 9876 9885 9894
1543.2556 9903 9912 9922 9932 9940 9946 9949 9949 9949 9949 9947 9938 9920
1549.5232 9898 9878 9865 9856 9849 9845 9843 9840 9831 9810 9782 9754 9733
1555.7906 9720 9717 9716 9703 9657 9563 9470 9458 9481 9470 9425 9370 9317
1562.0582 9275 9244 9226 9220 9228 9251 9286 9321 9349 9366 9375 9380 9382
1568.3257 9384 9388 9402 9427 9449 9463 9470 9474 9478 9481 9481 9478 9474
1574.5933 9468 9458 9442 9426 9417 9407 9390 9368 9347 9328 9311 9296 9283
1580.8607 9272 9261 9249 9236 9220 9202 9181 9159 9135 9109 9084 9060 9035
1587.1283 9010 8983 8955 8927 8904 8889 8884 8888 8899 8916 8938 8966 9000
1593.3958 9040 9085 9132 9180 9227 9272 9316 9357 9394 9427 9455 9475 9489
1599.6633 9498 9503 9506 9509 9513 9516 9519 9519 9517 9511 9503 9493 9482
1605.9308 9470 9458 9444 9430 9415 9400 9386 9375 9368 9364 9358 9350 9338
1612.1984 9322 9304 9287 9272 9261 9256 9254 9253 9252 9254 9259 9259 9250
1618.4658 9236 9222 9208 9192 9174 9152 9130 9107 9086 9068 9055 9044 9030
1624.7334 9009 8984 8959 8935 8913 8893 8877 8863 8850 8835 8820 8804 8789
1631.0009 8773 8755 8734 8713 8695 8683 8675 8667 8654 8635 8614 8588 8560
1637.2684 8533 8508 8486 8461 8434 8402 8367 8331 8294 8254 8208 8157 8104
1643.5360 8051 8003 7960 7918 7872 7822 7772 7725 7678 7619 7546 7461 7371
1649.8035 7282 7201 7128 7062 6991 6902 6794 6718 6677 6615 6529 6437 6350
1656.0710 6271 6203 6147 6106 6081 6072 6076 6089 6105 6122 6136 6147 6154
1662.3385 6157 6153 6142 6126 6110 6101 6104 6119 6143 6172 6207 6254 6327
1668.6061 6438 6576 6710 6813 6889 6952 7011 7062 7100 7126 7147 7173 7216
1674.8735 7286 7372 7445 7489 7514 7534 7560 7597 7648 7719 7813 7925 8039
1681.1411 8143 8229 8301 8363 8426 8519 8686 8890 9021 9073 9091 9108 9134
1687.4086 9169 9209 9248 9278 9297 9306 9309 9308 9301 9287 9265 9240 9217
1693.6761 9200 9190 9175 9133 9042 8911 8779 8667 8580 8518 8478 8443 8379
1699.9436 8229 8006 7799 7636 7502 7384 7276 7176 7085 7012 6962 6940 6940
1706.2112 6957 6983 7011 7040 7068 7099 7136 7179 7226 7274 7316 7351 7380
1712.4786 7405 7429 7454 7488 7537 7601 7671 7740 7807 7882 7986 8128 8280
1718.7462 8396 8466 8510 8546 8585 8627 8671 8716 8759 8800 8836 8866 8892
1725.0137 8914 8937 8964 8995 9029 9062 9092 9119 9143 9167 9193 9220 9245
1731.2813 9266 9286 9304 9316 9315 9304 9298 9297 9287 9273 9260 9254 9256
1737.5487 9264 9273 9282 9289 9296 9304 9311 9312 9310 9306 9300 9294 9288
1743.8163 9286 9288 9293 9300 9308 9316 9323 9330 9336 9343 9353 9365 9381
1750.0837 9400 9421 9443 9461 9473 9480 9485 9492 9502 9512 9521 9527 9532
1756.3513 9538 9549 9563 9578 9590 9599 9607 9615 9624 9635 9648 9664 9683
1762.6188 9699 9711 9720 9728 9736 9743 9750 9756 9763 9769 9774 9778 9779
1768.8864 9779 9780 9784 9794 9804 9813 9817 9822 9829 9834 9839 9845 9855
1775.1538 9868 9880 9891 9899 9905 9910 9913 9912 9907 9898 9889 9882 9880
1781.4214 9882 9887 9893 9902 9913 9925 9935 9941 9942 9940 9937 9933 9931
1787.6888 9929 9926 9923 9920 9919 9922 9928 9938 9949 9959 9967 9969 9965
1793.9564 9958 9951 9947 9944 9945 9948 9952 9958 9963 9965 9962 9956 9949
1800.2239 9946 9948 9953 9961 9967 9971 9970 9967 9963 9961 9961 9963 9963
1806.4915 9961 9955 9947 9942 9942 9949 9960 9971 9979 9981 9979 9976 9974
1812.7589 9975 9977 9978 9978 9976 9972 9969 9964 9959 9954 9951 9952 9958
1819.0265 9970 9985 10000 10012 10019 10020 10016 10010 10003 9995 9988 9981
1824.8119 9979 9981 9989 9997 10004 10008 10010 10007 9998 9986 9978 9979 9985
1831.0793 9990 9993 9996 9999 10004 10010 10016 10018 10018 10016 10012 10010
1836.8647 10011 10015 10019 10024 10027 10028 10026 10021 10015 10009 10006
1842.1681 10007 10011 10014 10014 10014 10012 10008 10001 9993 9988 9987 9989
1847.9535 9994 10001 10004 10004 9999 9990 9982 9977 9979 9988 10001 10015
1853.7389 10024 10025 10018 10008 9999 9995 9997 10003 10010 10013 10011 10006
1859.5243 10000 9995 9993 9993 9995 9996 9996 9994 9988 9981 9973 9966 9961
1865.7917 9958 9956 9956 9957 9961 9967 9978 9992 10003 10010 10011 10010
1871.5771 10008 10005 10002 9998 9995 9992 9990 9992 9994 9998 10002 10006
1877.3625 10011 10014 10016 10015 10011 10004 9997 9991 9987 9987 9990 9996
1883.1479 10004 10014 10022 10028 10028 10026 10022 10018 10015 10012 10008
1888.4513 10003 9999 9998 10002 10007 10012 10014 10015 10013 10010 10006
1893.7545 10000 9993 9987 9984 9985 9990 9998 10006 10014 10020 10022 10021
1899.5399 10015 10005 9995 9987 9986 9992 10001 10010 10013 10009 9999 9986
1905.3253 9973 9961 9953 9947 9947 9953 9968 9992 10022 10051 10072 10081
1911.1107 10077 10063 10043 10021 10003 9990 9985 9986 9992 9999 10003 10002
1916.8961 9995 9987 9983 9988 9999 10012 10022 10025 10022 10013 10002 9995
1922.6815 9993 9998 10006 10013 10015 10014 10009 10003 9999 10000 10007 10020
1928.4669 10036 10050 10057 10057 10049 10036 10023 10011 10000 9991 9985 9980
1934.2523 9975 9971 9967 9963 9962 9966 9977 9993 10014 10035 10053 10063
1940.0377 10064 10057 10044 10028 10015 10006 9999 9993 9985 9977 9971 9969
1945.8231 9970 9973 9978 9986 9999 10015 10031 10042 10043 10035 10022 10007
1951.6085 9994 9985 9982 9985 9995 10010 10023 10029 10025 10011 9992 9975
1957.3939 9963 9956 9953 9950 9950 9955 9966 9984 10004 10023 10033 10033
1963.1793 10021 10000 9975 9952 9936 9929 9932 9938 9944 9946 9947 9953 9966
1969.4469 9986 10009 10028 10038 10039 10035 10029 10024 10020 10018 10017
1974.7501 10015 10013 10009 10004 10000 9997 9996 9999 10003 10007 10013 10020
1980.5355 10029 10040 10051 10057 10058 10052 10042 10031 10021 10013 10007
1985.8389 10001 9997 9992 9986 9980 9973 9969 9969 9975 9986 9999 10011 10015
1992.1063 10011 10000 9988 9980 9977 9977 9977 9977 9978 9981 9989 10001 10015
1998.3739 10027 10034 10036 10034 10029 10020 10007 9990 9974 9964 9967 9982
2004.1593 10005 10029 10048 10060 10065 10066 10068 10069 10069 10066 10058
2009.4625 10049 10040 10033 10030 10028 10026 10023 10020 10016 10011 10007
2014.7659 10005 10006 10013 10025 10036 10041 10036 10023 10009 10005 10014
2020.0691 10032 10050 10060 10059 10051 10042 10040 10044 10049 10048 10038
2025.3724 10022 10007 10001 10008 10026 10050 10070 10080 10078 10066 10048
2030.6757 10030 10017 10013 10019 10033 10049 10062 10064 10054 10030 10000
2035.9790 9971 9952 9948 9961 9985 10011 10030 10036 10030 10016 10004 9998
2041.7644 10001 10013 10029 10044 10054 10057 10051 10038 10021 10004 9991
2047.0676 9981 9973 9967 9962 9961 9968 9981 9995 10006 10008 10001 9990 9980
2053.3352 9977 9981 9991 10004 10014 10019 10017 10009 9996 9984 9975 9973
2059.1206 9978 9988 9998 10006 10011 10012 10010 10006 10001 9995 9989 9987
2064.9060 9990 9998 10009 10020 10028 10029 10022 10008 9989 9969 9955 9948
2070.6914 9950 9956 9962 9964 9963 9962 9966 9976 9992 10010 10025 10036 10042
2076.9590 10042 10040 10035 10031 10028 10027 10026 10027 10026 10023 10017
2082.2622 10011 10005 10002 10005 10013 10027 10044 10057 10062 10056 10038
2087.5654 10012 9984 9959 9943 9940 9948 9964 9983 9998 10008 10013 10014
2093.3508 10014 10013 10008 10000 9990 9979 9971 9969 9973 9981 9991 10001
2099.1362 10009 10015 10018 10019 10019 10019 10021 10026 10030 10032 10027
2104.4395 10016 9998 9981 9968 9963 9966 9975 9986 9997 10007 10016 10023
2110.2249 10025 10023 10013 10000 9987 9979 9979 9988 10003 10018 10027 10028
2116.0103 10020 10006 9991 9981 9977 9981 9988 9997 10003 10005 10005 10001
2121.7957 9996 9990 9981 9971 9959 9948 9939 9934 9931 9929 9926 9921 9917
2128.0632 9916 9924 9942 9965 9989 10006 10012 10009 10002 9996 9993 9994 9995
2134.3308 9993 9989 9988 9992 10000 10010 10013 10005 9987 9966 9953 9954 9971
2140.5984 9996 10019 10034 10038 10035 10032 10033 10039 10045 10047 10042
2145.9016 10032 10018 10005 9995 9991 9990 9992 9994 9997 10001 10005 10009
2151.6870 10014 10018 10024 10031 10038 10042 10041 10032 10019 10006 9999
2156.9902 10002 10011 10021 10028 10031 10029 10027 10024 10019 10010 9999
2162.2935 9990 9988 9993 10004 10016 10025 10029 10028 10021 10011 10001 9995
2168.0789 9997 10007 10022 10035 10039 10031 10016 10002 9994 9994 9998 10000
2173.8643 9995 9986 9976 9968 9963 9961 9960 9961 9967 9979 9996 10011 10018
2180.1318 10015 10002 9987 9975 9970 9973 9978 9980 9977 9969 9958 9950 9948
2186.3994 9956 9971 9991 10008 10018 10018 10010 9996 9983 9974 9970 9972 9976
2192.6670 9980 9983 9985 9989 9996 10008 10024 10040 10052 10056 10052 10040
2198.4524 10026 10011 10000 9994 9991 9991 9991 9990 9987 9982 9981 9987 10001
2204.7197 10021 10042 10056 10058 10047 10027 10005 9989 9983 9988 9999 10013
2210.5051 10024 10028 10026 10020 10015 10013 10014 10015 10013 10006 9996
2215.8086 9986 9980 9978 9980 9982 9984 9986 9990 9998 10006 10013 10017 10018
2222.0759 10020 10025 10034 10043 10046 10040 10026 10008 9992 9981 9975 9975
2227.8613 9979 9987 10001 10017 10031 10038 10036 10027 10015 10005 10001
2233.1648 10002 10006 10012 10018 10025 10029 10030 10024 10012 9999 9987 9981
2238.9502 9980 9983 9985 9985 9983 9980 9977 9973 9967 9960 9955 9955 9962
2245.2175 9973 9984 9988 9983 9972 9960 9955 9957 9965 9973 9979 9980 9979
2251.4851 9976 9971 9964 9957 9951 9950 9955 9965 9975 9979 9975 9965 9955
2257.7527 9948 9946 9948 9952 9955 9958 9964 9974 9988 10006 10022 10031 10032
2264.0203 10025 10013 10000 9992 9990 9993 9997 9997 9991 9978 9959 9940 9924
2270.2876 9916 9917 9928 9944 9960 9971 9974 9969 9959 9948 9939 9934 9934
2276.5552 9937 9942 9947 9952 9957 9961 9965 9968 9970 9970 9969 9968 9969
2282.8228 9971 9973 9975 9974 9969 9960 9950 9941 9936 9936 9942 9952 9962
2289.0903 9968 9970 9968 9966 9966 9971 9978 9982 9982 9976 9966 9957 9949
2295.3577 9945 9941 9936 9932 9929 9930 9936 9945 9956 9966 9973 9974 9970
2301.6252 9962 9952 9946 9945 9948 9954 9958 9958 9952 9943 9932 9922 9914
2307.8928 9911 9913 9922 9936 9951 9961 9962 9953 9938 9923 9911 9905 9902
2314.1604 9904 9910 9919 9933 9947 9959 9965 9967 9964 9961 9956 9950 9940
2320.4277 9927 9914 9906 9907 9919 9939 9959 9971 9970 9957 9938 9924 9920
2326.6953 9928 9944 9960 9968 9966 9961 9957 9961 9970 9981 9991 10000 10011
2332.9629 10024 10035 10040 10034 10017 9993 9971 9959 9962 9977 10001 10027
2338.7483 10049 10061 10060 10045 10023 9998 9975 9957 9943 9933 9928 9926
2344.5337 9927 9928 9929 9929 9929 9929 9930 9930 9931 9931 9932 9934 9938
2350.8013 9943 9950 9956 9960 9960 9958 9955 9953 9951 9947 9938 9924 9910
2357.0686 9899 9893 9887 9873 9849 9816 9789 9785 9815 9884 9981 10082 10163
2363.3362 10201 10189 10139 10076 10027 10008 10016 10037 10051 10047 10023
2368.6394 9990 9960 9938 9927 9925 9931 9943 9962 9983 10001 10012 10014 10011
2374.9070 10008 10009 10010 10009 10002 9987 9969 9954 9946 9946 9951 9955
2380.6924 9957 9955 9951 9948 9948 9948 9949 9949 9947 9946 9947 9951 9958
2386.9600 9966 9974 9979 9982 9983 9983 9983 9983 9983 9981 9976 9967 9958
2393.2275 9952 9951 9958 9969 9983 9992 9996 9993 9985 9978 9972 9969 9968
2399.4949 9967 9969 9971 9976 9983 9990 9996 9998 9996 9991 9984 9976 9970
2405.7625 9967 9967 9969 9972 9974 9973 9973 9974 9979 9985 9991 9993 9989
2412.0300 9982 9974 9970 9969 9972 9976 9979 9978 9975 9969 9963 9956 9951
2418.2976 9949 9951 9957 9965 9975 9982 9987 9989 9988 9986 9985 9984 9984
2424.5649 9984 9986 9988 9989 9990 9990 9990 9989 9988 9986 9984 9981 9975
2430.8325 9969 9963 9959 9958 9962 9970 9979 9989 9997 10002 10004 10003 10000
2437.1001 9998 9996 9995 9996 9996 9996 9993 9987 9978 9966 9954 9945 9941
2443.3677 9944 9954 9966 9977 9985 9989 9992 9996 10001 10004 10002 9994 9982
2449.6350 9970 9962 9959 9959 9962 9964 9966 9968 9971 9975 9978 9980 9980
2455.9026 9981 9984 9988 9994 9996 9993 9985 9975 9966 9963 9968 9979 9993
2462.1702 10003 10007 10003 9994 9983 9975 9970 9968 9969 9970 9971 9972 9973
2468.4377 9974 9974 9974 9975 9976 9978 9980 9983 9986 9990 9995 10000 10003
2474.7051 10002 9996 9988 9980 9975 9974 9975 9976 9975 9971 9965 9960 9958
2480.9727 9961 9968 9976 9983 9983 9976 9963 9947 9934 9927 9929 9939 9953
2487.2402 9967 9978 9986 9989 9988 9983 9977 9970 9966 9963 9962 9961 9958
2493.5078 9952 9946 9940 9938 9939 9944 9949 9953 9955 9952 9947 9941 9935
2499.7751 9933 9936 9944 9953 9963 9969 9971 9971 9970 9971 9974 9980 9986
2506.0427 9991 9994 9993 9989 9984 9979 9975 9974 9975 9977 9980 9982 9983
2512.3103 9981 9977 9973 9970 9970 9975 9983 9992 9998 10001 9999 9993 9986
2518.5779 9979 9975 9975 9979 9983 9987 9987 9984 9980 9977 9976 9977 9979
2524.8452 9978 9976 9972 9970 9969 9971 9974 9977 9977 9975 9970 9963 9954
2531.1128 9946 9942 9943 9949 9959 9970 9979 9983 9983 9979 9977 9979 9984
2537.3804 9990 9993 9993 9988 9983 9979 9979 9980 9979 9974 9965 9956 9950
2543.6479 9952 9960 9970 9977 9976 9968 9958 9951 9951 9959 9970 9979 9983
2549.9153 9982 9979 9979 9983 9989 9996 10000 10000 9996 9989 9980 9969 9959
2556.1829 9950 9945 9944 9948 9954 9961 9966 9970 9973 9974 9973 9972 9970
2562.4504 9967 9964 9960 9956 9952 9948 9944 9940 9940 9944 9951 9959 9967
2568.7180 9973 9976 9978 9981 9986 9991 9994 9992 9982 9967 9951 9939 9934
2574.9854 9937 9946 9956 9965 9968 9966 9960 9953 9946 9941 9942 9947 9955
2581.2529 9965 9972 9978 9980 9979 9977 9972 9964 9954 9943 9934 9929 9928
2587.5205 9930 9934 9939 9944 9949 9955 9960 9963 9964 9961 9958 9955 9954
2593.7881 9955 9955 9955 9956 9957 9958 9959 9959 9958 9956 9955 9955 9958
2600.0554 9960 9961 9961 9960 9960 9961 9962 9964 9966 9968 9968 9964 9958
2606.3230 9949 9941 9938 9940 9946 9952 9958 9960 9962 9964 9966 9968 9968
2612.5906 9967 9964 9961 9960 9961 9963 9967 9973 9981 9989 9993 9991 9982
2618.8582 9969 9955 9946 9942 9944 9950 9956 9963 9968 9971 9970 9968 9964
2625.1257 9962 9961 9962 9961 9958 9951 9945 9944 9948 9959 9973 9984 9988
2631.3931 9983 9973 9959 9947 9938 9933 9933 9935 9940 9946 9952 9958 9963
2637.6606 9965 9964 9962 9960 9957 9954 9951 9947 9945 9944 9945 9947 9948
2643.9282 9948 9946 9944 9942 9943 9946 9951 9957 9960 9962 9962 9961 9961
2650.1958 9961 9960 9956 9950 9943 9935 9931 9931 9935 9941 9949 9955 9960
2656.4631 9964 9967 9969 9970 9970 9970 9969 9968 9966 9963 9959 9954 9949
2662.7307 9947 9948 9950 9952 9954 9954 9953 9953 9956 9960 9965 9970 9974
2668.9983 9977 9979 9980 9981 9982 9983 9983 9983 9983 9982 9981 9978 9973
2675.2659 9967 9961 9957 9957 9960 9966 9973 9977 9977 9974 9968 9960 9952
2681.5332 9947 9946 9949 9954 9959 9962 9964 9965 9968 9971 9973 9973 9969
2687.8008 9961 9951 9942 9936 9935 9937 9942 9947 9950 9951 9949 9946 9943
2694.0684 9940 9939 9942 9947 9953 9959 9961 9958 9952 9944 9939 9937 9939
2700.3359 9942 9943 9941 9938 9934 9932 9934 9938 9944 9950 9957 9962 9967
2706.6033 9969 9969 9966 9961 9956 9953 9951 9950 9951 9953 9954 9953 9951
2712.8708 9947 9944 9941 9942 9946 9953 9960 9966 9970 9970 9969 9965 9962
2719.1384 9959 9958 9959 9963 9967 9970 9969 9964 9956 9948 9943 9943 9948
2725.4060 9953 9956 9956 9955 9952 9951 9951 9952 9951 9950 9949 9948 9949
2731.6733 9951 9952 9954 9955 9957 9959 9959 9958 9954 9950 9948 9949 9955
2737.9409 9963 9969 9972 9970 9964 9959 9955 9955 9957 9958 9957 9954 9949
2744.2085 9944 9938 9935 9934 9936 9940 9947 9954 9960 9966 9969 9972 9972
2750.4761 9972 9971 9969 9968 9967 9967 9966 9963 9958 9951 9944 9937 9932
2756.7434 9928 9925 9924 9927 9932 9940 9947 9953 9956 9957 9956 9956 9955
2763.0110 9954 9953 9952 9954 9959 9964 9970 9973 9972 9969 9966 9962 9959
2769.2786 9957 9954 9951 9949 9948 9950 9952 9955 9957 9958 9958 9959 9961
2775.5461 9964 9966 9966 9962 9958 9953 9951 9951 9952 9954 9955 9955 9954
2781.8135 9951 9948 9945 9942 9940 9940 9942 9943 9944 9943 9941 9938 9934
2788.0811 9931 9930 9931 9935 9939 9940 9938 9933 9929 9928 9931 9936 9941
2794.3486 9943 9943 9943 9946 9949 9953 9954 9952 9947 9942 9939 9938 9938
2800.6162 9939 9939 9938 9936 9935 9933 9933 9934 9937 9941 9945 9948 9949
2806.8835 9949 9947 9945 9942 9938 9933 9929 9926 9927 9931 9937 9944 9949
2813.1511 9951 9951 9949 9947 9943 9938 9932 9926 9921 9918 9917 9919 9921
2819.4187 9921 9919 9914 9910 9907 9910 9919 9930 9940 9947 9948 9946 9942
2825.6863 9938 9934 9929 9923 9918 9915 9915 9920 9926 9930 9931 9926 9918
2831.9536 9910 9903 9900 9899 9900 9900 9897 9893 9889 9887 9887 9889 9892
2838.2212 9895 9897 9898 9899 9899 9900 9901 9901 9899 9893 9886 9879 9875
2844.4888 9875 9877 9880 9879 9874 9866 9857 9851 9849 9850 9852 9854 9853
2850.7563 9850 9846 9840 9835 9830 9826 9822 9818 9814 9812 9812 9814 9819
2857.0237 9827 9837 9848 9858 9865 9865 9857 9846 9834 9828 9828 9833 9837
2863.2913 9839 9839 9838 9841 9847 9854 9859 9858 9852 9842 9832 9824 9821
2869.5588 9821 9824 9828 9830 9830 9829 9831 9835 9842 9850 9855 9856 9854
2875.8264 9851 9850 9852 9856 9861 9865 9867 9865 9861 9854 9849 9845 9846
2882.0938 9849 9855 9860 9862 9861 9858 9855 9852 9849 9845 9842 9842 9846
2888.3613 9856 9868 9878 9881 9876 9862 9845 9830 9822 9824 9833 9849 9864
2894.6289 9876 9880 9878 9870 9860 9849 9838 9827 9818 9813 9813 9817 9824
2900.8965 9830 9833 9831 9825 9817 9810 9806 9804 9804 9803 9803 9801 9798
2907.1638 9793 9787 9779 9771 9763 9758 9755 9755 9754 9753 9749 9743 9739
2913.4314 9736 9736 9737 9736 9732 9727 9722 9719 9718 9719 9717 9713 9706
2919.6990 9699 9695 9694 9697 9702 9706 9709 9711 9714 9720 9729 9737 9741
2925.9666 9739 9729 9717 9707 9707 9716 9731 9747 9756 9758 9754 9750 9750
2932.2339 9756 9764 9771 9773 9769 9761 9751 9742 9735 9732 9736 9745 9758
2938.5015 9772 9782 9785 9782 9773 9761 9748 9738 9730 9727 9728 9733 9740
2944.7690 9748 9754 9757 9755 9748 9738 9729 9724 9724 9727 9732 9734 9730
2951.0366 9721 9709 9697 9688 9684 9683 9683 9683 9682 9681 9681 9681 9679
2957.3040 9673 9663 9652 9645 9645 9651 9660 9666 9668 9665 9662 9663 9668
2963.5715 9678 9688 9696 9702 9707 9714 9721 9726 9724 9713 9695 9675 9660
2969.8391 9656 9663 9680 9701 9723 9743 9761 9777 9792 9804 9812 9817 9816
2976.1067 9813 9809 9806 9805 9807 9809 9812 9813 9812 9810 9809 9807 9805
2982.3740 9800 9792 9783 9777 9777 9784 9799 9816 9832 9843 9849 9849 9845
2988.6416 9839 9832 9823 9816 9811 9810 9812 9817 9820 9820 9816 9809 9801
2994.9092 9793 9788 9785 9787 9794 9804 9817 9830 9840 9845 9845 9842 9838
3001.1768 9833 9829 9824 9818 9812 9806 9803 9802 9804 9806 9806 9805 9802
3007.4441 9800 9800 9801 9802 9801 9800 9799 9798 9797 9797 9795 9792 9790
3013.7117 9789 9790 9791 9792 9793 9797 9806 9821 9839 9855 9864 9864 9856
3019.9792 9845 9833 9824 9816 9809 9803 9796 9792 9790 9793 9799 9807 9816
3026.2468 9824 9832 9840 9846 9852 9856 9859 9860 9860 9860 9860 9859 9855
3032.5142 9848 9839 9830 9826 9829 9839 9854 9870 9881 9888 9890 9891 9891
3038.7817 9891 9890 9887 9885 9884 9886 9888 9888 9882 9870 9853 9837 9827
3045.0493 9826 9832 9843 9854 9862 9865 9865 9862 9860 9858 9856 9852 9845
3051.3169 9835 9823 9812 9805 9801 9798 9796 9793 9791 9791 9794 9797 9799
3057.5842 9798 9792 9783 9775 9772 9772 9773 9770 9758 9736 9710 9686 9671
3063.8518 9668 9676 9689 9701 9707 9705 9698 9690 9686 9685 9688 9693 9697
3070.1194 9699 9698 9698 9699 9704 9715 9730 9747 9765 9778 9785 9783 9774
3076.3870 9762 9750 9742 9742 9749 9760 9774 9786 9795 9800 9800 9798 9796
3082.6543 9798 9805 9813 9820 9822 9818 9809 9803 9804 9814 9831 9848 9860
3088.9219 9862 9854 9842 9832 9830 9836 9848 9861 9870 9872 9867 9860 9853
3095.1895 9850 9851 9855 9858 9858 9851 9838 9822 9808 9800 9800 9807 9818
3101.4570 9829 9838 9841 9839 9832 9818 9800 9780 9761 9745 9735 9730 9726
3107.7244 9721 9713 9701 9688 9675 9664 9656 9650 9646 9641 9637 9631 9628
3113.9919 9630 9641 9665 9700 9738 9771 9792 9798 9796 9792 9794 9803 9815
3120.2595 9825 9830 9829 9825 9822 9822 9825 9829 9833 9835 9836 9837 9840
3126.5271 9846 9852 9859 9866 9871 9874 9876 9876 9877 9881 9887 9894 9898
3132.7944 9897 9891 9884 9883 9892 9912 9936 9956 9965 9962 9950 9937 9928
3139.0620 9925 9928 9931 9930 9924 9915 9907 9903 9905 9914 9926 9941 9955
3145.3296 9966 9970 9967 9957 9945 9932 9922 9915 9908 9902 9895 9890 9891
3151.5972 9899 9914 9932 9947 9956 9961 9963 9966 9971 9977 9980 9976 9965
3157.8645 9949 9933 9923 9920 9924 9933 9945 9959 9973 9988 10001 10008 10007
3164.1321 9997 9981 9963 9949 9940 9937 9938 9940 9943 9945 9945 9943 9943
3170.3997 9943 9947 9958 9973 9989 9998 9998 9990 9979 9969 9966 9968 9974
3176.6672 9978 9976 9967 9952 9935 9922 9918 9926 9943 9967 9993 10014 10028
3182.9346 10034 10032 10024 10013 9999 9987 9977 9971 9968 9964 9960 9953 9945
3189.2021 9939 9937 9940 9950 9965 9983 9998 10006 10004 9991 9970 9950 9934
3195.4697 9927 9927 9932 9939 9946 9953 9961 9970 9979 9984 9984 9980 9975
3201.7373 9971 9973 9981 9992 10001 10002 9995 9981 9963 9948 9936 9930 9928
3208.0046 9926 9926 9926 9930 9938 9949 9963 9976 9984 9987 9985 9980 9972
3214.2722 9965 9956 9948 9938 9930 9924 9924 9930 9942 9959 9980 10000 10018
3220.5398 10028 10029 10021 10007 9992 9978 9967 9959 9955 9954 9958 9966 9975
3226.8074 9982 9982 9976 9965 9952 9941 9932 9926 9921 9917 9913 9912 9914
3233.0747 9920 9929 9939 9945 9945 9939 9929 9917 9907 9901 9902 9911 9928
3239.3423 9949 9969 9979 9975 9957 9932 9909 9893 9886 9884 9885 9888 9895
3245.6099 9908 9924 9938 9946 9944 9935 9926 9921 9922 9925 9924 9918 9907
3251.8774 9895 9885 9880 9879 9882 9887 9895 9907 9922 9938 9951 9958 9957
3258.1448 9950 9941 9934 9931 9932 9933 9933 9928 9919 9909 9901 9898 9900
3264.4124 9905 9910 9910 9905 9894 9882 9871 9867 9868 9873 9878 9879 9875
3270.6799 9868 9860 9855 9853 9855 9861 9868 9874 9878 9877 9871 9862 9855
3276.9475 9854 9858 9864 9866 9861 9847 9828 9812 9805 9808 9818 9828 9833
3283.2148 9833 9832 9834 9844 9860 9876 9885 9882 9867 9846 9826 9814 9815
3289.4824 9827 9845 9861 9872 9874 9870 9859 9844 9827 9809 9793 9779 9767
3295.7500 9756 9745 9736 9731 9733 9744 9759 9775 9785 9786 9779 9767 9754
3302.0176 9744 9736 9731 9730 9731 9736 9742 9749 9753 9751 9744 9731 9713
3308.2849 9695 9678 9666 9663 9669 9683 9701 9716 9724 9722 9710 9694 9678
3314.5525 9666 9658 9655 9655 9659 9662 9664 9660 9649 9634 9620 9615 9620
3320.8201 9633 9649 9659 9660 9650 9636 9622 9611 9603 9600 9598 9599 9602
3327.0876 9604 9603 9596 9585 9574 9567 9567 9572 9577 9577 9573 9566 9561
3333.3550 9559 9561 9562 9562 9560 9559 9561 9564 9564 9556 9538 9513 9488
3339.6226 9469 9460 9458 9462 9466 9468 9464 9456 9445 9430 9417 9406 9400
3345.8901 9399 9400 9400 9397 9392 9387 9385 9388 9394 9399 9400 9394 9382
3352.1577 9362 9337 9308 9278 9252 9238 9238 9253 9274 9293 9303 9303 9296
3358.4250 9290 9288 9288 9286 9277 9261 9241 9225 9217 9221 9232 9248 9262
3364.6926 9273 9280 9282 9281 9277 9273 9273 9281 9300 9327 9357 9383 9400
3370.9602 9407 9407 9407 9409 9416 9426 9435 9442 9446 9449 9454 9463 9473
3377.2278 9484 9495 9505 9516 9530 9549 9568 9584 9591 9590 9583 9576 9574
3383.4951 9580 9593 9608 9620 9628 9630 9630 9631 9635 9645 9656 9666 9672
3389.7627 9670 9665 9660 9662 9672 9690 9712 9731 9744 9750 9753 9754 9755
3396.0303 9756 9756 9756 9757 9763 9774 9789 9802 9809 9808 9802 9794 9787
3402.2979 9785 9787 9792 9800 9811 9825 9844 9867 9892 9913 9924 9923 9908
3408.5652 9888 9868 9854 9847 9845 9844 9841 9839 9840 9845 9855 9865 9873
3414.8328 9878 9880 9881 9883 9888 9898 9915 9938 9961 9977 9981 9972 9958
3421.1003 9946 9945 9957 9976 9996 10010 10013 10010 10004 10002 10004 10008
3426.8857 10011 10009 10002 9992 9985 9985 9990 9998 10003 10004 9999 9993
3432.6711 9988 9989 9994 10003 10013 10020 10024 10023 10019 10015 10012 10010
3438.4565 10009 10006 10000 9995 9992 9994 9998 10001 9997 9984 9965 9947 9936
3444.7241 9937 9948 9966 9983 9996 10004 10007 10010 10013 10016 10017 10013
3450.5095 10003 9990 9976 9969 9973 9993 10026 10065 10099 10114 10105 10074
3456.2949 10028 9983 9950 9934 9935 9950 9972 9998 10023 10042 10052 10052
3462.0803 10045 10037 10034 10038 10048 10059 10066 10067 10064 10058 10051
3467.3835 10042 10031 10020 10011 10010 10017 10032 10049 10063 10070 10069
3472.6868 10060 10049 10040 10036 10041 10050 10059 10060 10049 10028 10007
3477.9900 9994 9994 10005 10017 10021 10011 9992 9972 9963 9969 9986 10006
3483.7754 10023 10033 10037 10036 10033 10030 10028 10032 10044 10061 10078
3489.0789 10087 10081 10060 10028 9996 9974 9969 9981 10006 10036 10065 10088
3494.8643 10101 10104 10099 10091 10085 10083 10087 10093 10098 10097 10087
3500.1675 10069 10047 10025 10010 10003 10003 10004 10000 9992 9985 9987 10003
3505.9529 10030 10056 10071 10068 10046 10014 9984 9965 9958 9960 9966 9975
3511.7383 9982 9988 9990 9986 9979 9973 9971 9973 9980 9988 9997 10007 10022
3518.0059 10040 10058 10070 10073 10067 10054 10040 10024 10006 9983 9958 9937
3523.7913 9927 9933 9951 9975 9997 10010 10012 10005 9993 9979 9964 9948 9930
3530.0586 9913 9902 9903 9918 9946 9980 10010 10025 10023 10006 9984 9965 9955
3536.3262 9954 9957 9963 9970 9980 9992 10003 10009 10007 9999 9989 9982 9980
3542.5938 9984 9993 10007 10022 10035 10036 10021 9990 9952 9920 9908 9919
3548.3792 9945 9975 10000 10016 10024 10030 10037 10043 10044 10035 10017 9994
3554.1646 9975 9963 9958 9958 9960 9963 9967 9971 9976 9976 9972 9965 9962
3560.4321 9968 9981 9996 10004 10000 9984 9962 9943 9934 9938 9953 9973 9991
3566.6995 10002 10003 9995 9982 9968 9955 9947 9947 9953 9965 9977 9986 9992
3572.9670 10000 10017 10046 10085 10126 10155 10161 10142 10105 10061 10021
3578.2703 9992 9978 9974 9975 9977 9977 9974 9967 9957 9942 9923 9902 9883
3584.5378 9869 9863 9863 9871 9888 9913 9945 9974 9996 10006 10008 10006 10006
3590.8054 10010 10017 10024 10026 10023 10014 10002 9991 9982 9975 9968 9959
3596.5908 9944 9924 9904 9891 9890 9904 9931 9964 9996 10024 10048 10069 10086
3602.8584 10094 10086 10064 10034 10004 9981 9968 9962 9959 9955 9951 9951
3608.6438 9956 9965 9973 9978 9982 9986 9991 9993 9989 9980 9968 9958 9951
3614.9114 9945 9938 9934 9936 9949 9975 10007 10035 10045 10036 10016 10002
3620.6968 10000 10011 10028 10041 10044 10034 10013 9988 9965 9947 9934 9923
3626.4822 9914 9903 9894 9898 9932 10002 10072 10105 10102 10080 10053 10027
3632.2676 10006 9989 9979 9976 9978 9980 9977 9972 9966 9964 9968 9978 9989
3638.5349 9994 9993 9988 9983 9982 9987 9995 10001 10003 9999 9990 9978 9963
3644.8025 9944 9922 9897 9877 9875 9901 9949 9999 10032 10037 10016 9986 9968
3651.0701 9969 9983 10003 10022 10038 10049 10055 10057 10056 10052 10050
3656.3733 10049 10045 10039 10032 10030 10031 10034 10033 10023 10005 9985
3661.6765 9972 9971 9983 10004 10022 10030 10028 10021 10020 10033 10057 10085
3667.4619 10101 10095 10062 10015 9979 9979 10014 10055 10074 10071 10057
3672.7654 10048 10052 10071 10104 10144 10178 10182 10154 10115 10083 10064
3678.0686 10057 10057 10058 10059 10062 10065 10067 10066 10059 10044 10025
3683.3718 10005 9988 9980 9980 9988 10004 10027 10055 10086 10120 10152 10174
3689.1572 10182 10181 10178 10179 10180 10172 10151 10118 10082 10053 10037
3694.4604 10036 10045 10055 10057 10050 10039 10032 10034 10047 10063 10077
3699.7639 10084 10082 10075 10069 10072 10081 10091 10100 10108 10118 10127
3705.0671 10129 10119 10096 10065 10036 10018 10014 10022 10031 10034 10029
3710.3704 10026 10037 10065 10097 10105 10078 10027 9976 9941 9933 9949 9976
3716.1558 10003 10018 10023 10022 10021 10027 10035 10040 10037 10023 9999
3721.4590 9969 9941 9925 9921 9929 9941 9953 9961 9962 9958 9955 9959 9970
3727.7266 9986 10005 10025 10042 10057 10066 10066 10053 10027 9995 9961 9930
3733.5120 9909 9904 9924 9973 10033 10076 10084 10065 10032 9999 9973 9957
3739.2974 9956 9973 10010 10060 10112 10156 10186 10197 10180 10125 10050
3744.6006 10006 9994 9983 9971 9965 9972 9997 10042 10102 10165 10202 10196
3750.3860 10152 10093 10047 10037 10065 10097 10108 10092 10061 10024 9992
3755.6895 9975 9973 9979 9979 9963 9931 9896 9881 9906 9967 10038 10097 10132
3761.9568 10142 10132 10105 10068 10029 9996 9981 9990 10017 10045 10058 10054
3767.7422 10036 10011 9986 9971 9976 9998 10026 10051 10071 10083 10085 10077
3773.5276 10061 10039 10017 9994 9970 9947 9928 9920 9928 9954 9990 10026
3779.3130 10048 10053 10047 10040 10038 10041 10046 10048 10044 10035 10024
3784.6165 10015 10013 10013 10011 10002 9986 9965 9951 9953 9977 10017 10062
3790.4019 10097 10114 10111 10092 10064 10035 10007 9980 9956 9935 9921 9917
3796.1873 9926 9944 9961 9968 9965 9954 9940 9923 9904 9891 9902 9946 10003
3802.4546 10050 10079 10095 10106 10117 10134 10155 10178 10194 10193 10170
3807.7581 10130 10087 10049 10018 9995 9977 9963 9953 9947 9944 9945 9949 9958
3814.0254 9972 9989 10004 10012 10015 10018 10022 10034 10054 10079 10099
3819.3289 10097 10061 9996 9942 9934 9964 9997 10018 10021 10012 9994 9971
3825.1143 9946 9923 9907 9905 9919 9942 9967 9988 10001 10008 10010 10007
3830.8997 10003 9998 9992 9986 9980 9979 9985 9999 10020 10047 10076 10106
3836.6851 10127 10129 10103 10055 10005 9971 9963 9979 10005 10029 10040 10040
3842.4705 10036 10036 10042 10051 10058 10060 10056 10051 10046 10042 10039
3847.7737 10038 10039 10040 10041 10037 10025 10002 9968 9927 9892 9889 9949
3853.5591 10063 10163 10203 10192 10160 10129 10110 10104 10110 10117 10116
3858.8623 10102 10076 10041 10003 9973 9957 9955 9953 9943 9921 9896 9884 9898
3865.1299 9934 9968 9986 9987 9983 9983 9992 10013 10045 10081 10098 10082
3870.9153 10041 9993 9955 9936 9940 9969 10013 10049 10062 10052 10028 10002
3876.7007 9981 9967 9961 9962 9967 9973 9976 9976 9976 9977 9979 9984 9990
3882.9683 9995 9996 9993 9989 9991 10000 10011 10010 9997 9979 9967 9967 9981
3889.2356 10002 10022 10031 10026 10013 10002 9995 9990 9984 9976 9965 9955
3895.0210 9945 9938 9932 9928 9928 9934 9947 9968 9991 10008 10014 10010 9998
3901.2886 9983 9969 9958 9954 9960 9974 9993 10008 10011 10002 9988 9978 9977
3907.5562 9988 10008 10034 10060 10082 10098 10106 10103 10089 10063 10029
3912.8594 9991 9956 9929 9915 9915 9927 9951 9979 10004 10016 10010 9990 9964
3919.1270 9941 9930 9937 9958 9983 10005 10020 10029 10033 10037 10045 10058
3924.9124 10071 10076 10067 10046 10017 9989 9968 9955 9948 9941 9930 9918
3930.6978 9911 9918 9940 9967 9986 9986 9970 9950 9937 9938 9954 9975 9989
3936.9653 9988 9969 9939 9914 9907 9921 9952 9989 10021 10041 10048 10047
3942.7507 10042 10037 10029 10019 10009 10003 10003 10005 10004 9993 9972 9949
3948.5361 9933 9932 9945 9966 9987 10002 10010 10015 10018 10018 10015 10007
3954.3215 9995 9982 9971 9963 9957 9955 9955 9958 9963 9969 9973 9973 9966
3960.5889 9954 9939 9926 9920 9924 9935 9950 9960 9964 9959 9951 9944 9944
3966.8564 9951 9965 9981 9992 9996 9988 9971 9948 9924 9907 9902 9912 9934
3973.1240 9965 9997 10023 10042 10050 10049 10041 10027 10013 10002 9997 9999
3978.9094 10006 10013 10018 10025 10037 10058 10085 10108 10114 10096 10055
3984.2126 10003 9954 9918 9899 9891 9888 9885 9885 9888 9898 9909 9918 9921
3990.4802 9919 9918 9926 9944 9969 9993 10008 10010 10004 9998 9997 10004
3996.2656 10013 10019 10017 10010 9999 9990 9982 9976 9960
##END= 
