##TITLE=*RR48
##JCAMP-DX=4.24  $$ Nicolet v. 500
##DATATYPE=INFRARED SPECTRUM
##ORIGIN=IAC
##OWNER=Nicolet
##DATE=117/06/08
##TIME=15:00:58
##DATA PROCESSING=
Ratio against background
%Transmittance->Absorbance
Subtraction or Addition
Truncated
ElementMultiply or ElementDivide
##XUNITS=1/CM
##YUNITS=TRANSMITTANCE
##FIRSTX=399,212341
##LASTX=3999,837646
##FIRSTY=0,876673
##MAXX=3999,837646
##MINX=399,212341
##MAXY=1,000000
##MINY=0,175365
##XFACTOR=1,000000
##YFACTOR=1,000000E-009
##NPOINTS=1868
##DELTAX=1,928562
##XYDATA=(X++(Y..Y))
399,212 876672576 872168576 870295808 873173056 872528000 872699072 
410,784 867750336 865066816 864844032 860485824 855013760 852689344 
422,355 853441344 855577088 853414400 843304768 830561600 803590592 
433,926 775077440 787548160 832088064 856696192 856738112 849711808 
445,498 847737856 838338176 832517568 822722752 802474432 798209024 
457,069 812076288 825952064 829094528 819003008 820141696 825277760 
468,640 816294656 811163648 796630080 777425600 771811904 775565056 
480,212 794283520 817169408 828735808 838034048 842659200 841742912 
491,783 845867072 844728000 841530304 843141504 838267520 836447808 
503,354 837556672 833399872 833848896 832562880 829272128 830921728 
514,926 828028992 825624448 825862720 820430976 817086976 808657024 
526,497 792991040 796676992 805683072 803989504 801686080 791062912 
538,069 775481472 750727360 718800064 727465216 779939712 814894336 
549,641 826471424 825829824 823176448 823796096 819059072 815660864 
561,212 815161728 809689344 808799296 805860608 797901056 793380800 
572,784 782847808 768588928 759264000 743825984 719142080 702613440 
584,355 732874432 788536576 814012992 816071232 818166272 815277952 
595,927 810736768 810593856 805664320 803246528 803056256 798050048 
607,498 796377280 794364608 789582912 789063488 783785728 776989120 
619,070 772901376 763484416 752771712 737319744 703719168 654077056 
630,641 629740608 693888832 779067136 805925952 804466560 803078784 
642,213 796380032 789996736 785199360 774521792 763113088 740234368 
653,784 708107072 719500736 763958720 784416064 789527040 785821376 
665,356 781989120 780780736 775739136 774802688 772825152 766315520 
676,927 763866624 759423168 752271488 748385920 739762752 729519104 
688,499 721010048 705485888 685157248 655666112 610299584 568784576 
700,070 567712320 624850880 700669952 749590528 771787904 784429184 
711,642 786321536 785785664 786006400 780432576 777149760 773629696 
723,214 766588352 763362176 758308544 751103040 746978944 739519488 
734,785 732250112 726896960 715899648 705264576 692452224 672855232 
746,357 649787008 614489088 556639424 483853440 457157632 527230304 
757,928 589057856 604238016 654930112 708123776 715841600 704170560 
769,500 685096640 659534848 633045248 602275840 563571840 509629952 
781,071 424910464 335441632 336887552 479188448 637717888 721051200 
792,643 746424640 748878272 737022464 717812672 694628736 647837952 
804,214 574172736 576013888 626970496 591123392 504212256 455940512 
815,786 516583872 608324032 651555968 659181120 643966016 595540864 
827,357 507515328 399444960 374977536 496202720 652162048 743185088 
838,929 785738688 802413952 811610368 815455808 813690688 813996224 
850,500 815014336 812770112 814055168 812175744 811152512 812648704 
862,072 810392896 809040064 809627968 805303744 804255168 803283072 
873,643 800740224 800811776 799030848 795131456 794754432 790205824 
885,215 785838848 781372864 768772416 753215616 748672192 754014272 
896,786 753588928 735505280 716162688 729006528 755142912 764731072 
908,358 765390848 758159808 750423744 742377088 727832512 707547136 
919,930 677287808 641633024 635180736 668355072 711270272 744969152 
931,501 761916416 766608128 769045184 765767872 762836160 758939392 
943,073 749034176 744349888 749397888 750750656 750637696 747040768 
954,644 741556096 736738368 725769344 708177664 701217344 715179584 
966,216 730785920 734179584 730475648 727426304 723222144 713860416 
977,787 700875840 687290240 694712896 709540736 710204160 706109056 
989,359 703021696 696884608 691643136 685988480 677257856 669255616 
1000,930 659470272 645674880 630345984 609041472 581178944 546822720 
1012,502 502418816 455938464 430147904 441986784 485224192 555376768 
1024,073 643617984 715653504 750193344 756915520 754681216 746562752 
1035,645 735048064 722141440 704747456 685577152 674875712 673275328 
1047,216 671126080 661832960 653009216 647357568 633917248 618765120 
1058,788 613042944 603296064 586383232 597135744 644073920 682005824 
1070,359 691847552 685872960 688611328 697980544 698107712 693586432 
1081,931 686966080 678087360 669453056 658195136 646331712 634623232 
1093,503 618063872 597416384 574584256 549600128 537963264 558927168 
1105,074 598671104 624711040 634229632 645807296 661500800 667677760 
1116,646 665732864 662225472 656283392 648669440 639659712 626774848 
1128,217 612210624 594571712 572994432 550538752 530157344 523609824 
1139,789 535393792 556083456 584637888 605865728 608097216 597833472 
1151,360 580186560 554388224 521982528 480814656 434521664 405166208 
1162,932 425855520 493377344 550498432 560359168 565240960 613585152 
1174,503 673822912 709604800 724036800 725692160 724294656 720577856 
1186,075 714644992 709106624 702682816 695218688 689419648 682243584 
1197,646 674696960 666470400 656232384 645451904 632563328 618617152 
1209,218 616946496 626241216 630478336 626832896 619270656 608563776 
1220,789 596681920 584239872 570321152 551611456 530498720 513765184 
1232,361 500386208 487812320 495894816 539177024 595662208 636563456 
1243,932 655459072 660935232 662054080 659966208 656995136 652822592 
1255,504 646575424 639747072 632229696 623227712 614917888 605420608 
1267,076 594769664 583171328 572120704 570752448 580626816 589218112 
1278,647 595072832 600800768 603391680 602267648 598827584 593888768 
1290,219 589074752 582960576 576262464 569894912 562632320 554824576 
1301,790 546851072 537522048 527119040 513874080 497394432 485754816 
1313,362 488926368 496720864 494247232 482499328 468721056 455637664 
1324,933 442911296 430892960 418557280 404794112 393271968 390033984 
1336,505 404186720 442508064 491434848 519456448 526498112 520899872 
1348,076 511991392 504323968 494130624 482027104 471779648 461756320 
1359,648 449413824 433544352 413629024 393721952 369759168 340199392 
1371,219 309127488 276203296 250074560 248712560 250880960 236692064 
1382,791 215056400 210742112 233995632 248834560 235592944 233901056 
1394,362 265496064 306029504 313520352 290938912 277301248 312049568 
1405,934 366344832 369491392 333362048 283240800 249310928 247631936 
1417,505 271049824 344681216 415298336 475621824 526451040 545131264 
1429,077 545026048 523443520 484950336 444323936 395925408 367052928 
1440,649 360696672 368824384 384749536 397421696 398780160 386621664 
1452,220 362853600 336251808 307701088 287481600 287458688 288482336 
1463,792 270747104 244288976 254600624 309771040 396486464 502495488 
1475,363 544603264 560793152 555569472 535878336 504368288 471372832 
1486,935 432397184 388101856 334528416 290611680 250912128 205837856 
1498,506 180247552 183862992 223199888 282098400 354629056 377807488 
1510,078 344112864 299570784 254988320 219324576 186418464 175888400 
1521,649 175365488 185925600 203335984 230671504 257397024 279763552 
1533,221 305420128 324011168 330784000 334007648 334844320 327778368 
1544,792 318042432 305154592 290481312 267844640 248249440 230195776 
1556,364 221200320 231985296 257893376 268661472 281490496 302017312 
1567,935 324447872 368724736 404845056 432837216 463354720 482217600 
1579,507 475647776 490091104 534677888 578439552 596027840 588777600 
1591,078 578090048 597194240 630021056 659736576 680602752 698296640 
1602,650 704722688 701938432 702438784 730058816 766968320 795732544 
1614,222 816807616 839312960 853591360 862636288 870903424 883089216 
1625,793 890634048 901200128 911013824 920288064 925234368 929773568 
1637,365 929819392 929625728 925697088 924015744 927640512 945776320 
1648,936 958630016 966314688 975902144 986783296 988728128 992828736 
1660,508 994218240 997025728 998758720 1000000000 998869632 997679680 
1672,079 994069056 993231232 990455296 989853440 989017792 988856576 
1683,651 986762368 988335296 989028352 991790080 993088384 993576576 
1695,222 991845184 990744256 988385152 985426816 980828992 975822592 
1706,794 971783680 971341504 970866240 971774720 972027456 973180864 
1718,365 971674176 969392832 967173824 965690816 963580416 962487552 
1729,937 961659008 962972480 964507584 965003264 964209664 964802304 
1741,508 964526720 964774464 963886592 962495872 961233152 960007232 
1753,080 956876480 954833600 950641408 947584320 946330368 944957632 
1764,651 945264896 948024064 948180416 947109056 943196288 938041024 
1776,223 932807296 927653248 920180032 917122112 921356480 930195456 
1787,795 936390208 938643712 937846784 938797056 940135808 942259008 
1799,366 943024384 942449792 941574272 941343936 939533312 938492736 
1810,938 936590144 934536768 933054208 931844096 930508864 930538112 
1822,509 929466944 928520768 927886912 927244032 925873664 924875584 
1834,081 922784704 921469952 920563840 920533248 920817216 919470720 
1845,652 915386048 911706752 906110528 902891392 905223232 911140416 
1857,224 915935232 918652352 918628864 918584960 918015680 917113024 
1868,795 916093312 914854976 912985536 911559296 908750528 905270720 
1880,367 900765440 894031936 886799552 886455104 893867776 903966464 
1891,938 908324992 908800640 908329216 907535296 905857728 904752000 
1903,510 902516608 900316800 898222976 895851968 893012864 889523392 
1915,081 883396480 875078528 862047936 850863744 852963584 870471488 
1926,653 886839552 896248448 899405312 900117824 900030976 898761472 
1938,224 896789824 894656000 891885248 892223232 894131712 894331456 
1949,796 892859392 889962944 884982656 878801216 874178368 877807360 
1961,368 886259200 890896704 891545344 891367232 890344768 889720512 
1972,939 889068992 888702720 889052032 889441024 889421376 889961152 
1984,511 889621120 889097984 888884736 888339904 887858304 888142080 
1996,082 887718400 887723776 887778944 887445696 887308800 887151232 
2007,654 886284544 885884032 885189440 884398208 883939648 883352192 
2019,225 882445952 881829248 880374528 879211584 878234112 877175872 
2030,797 876404928 875722688 874698112 874646464 874620288 874794368 
2042,368 875417152 875875840 876075456 876573696 876220480 875914176 
2053,939 875716864 875385728 875068288 874736128 873958336 873728192 
2065,510 873165184 872448448 871954048 871337152 870555008 870397568 
2077,081 869696320 869133504 868700352 868125696 867670848 867275904 
2088,652 866249024 865688320 865149248 864669504 864559296 864486592 
2100,223 864433984 864683072 864253632 863934528 863405760 862302848 
2111,793 861051776 859940544 858784960 858571712 858312384 857797696 
2123,364 857551360 857394112 857101120 857271168 857207104 857410176 
2134,935 857632704 857444608 857199616 856993024 856604736 856688256 
2146,506 856319296 855652416 855105664 854505472 853940608 853832640 
2158,077 853388032 853194880 852993152 852774592 852668352 852181632 
2169,647 851775104 852566848 853171264 853790976 854546944 854981376 
2181,218 855295360 855768896 855598848 855464320 855397952 855021760 
2192,789 854500672 853917440 853230144 853167552 853088000 853325248 
2204,360 853611904 853455424 853057408 852754752 852125120 851893376 
2215,931 851584256 851342848 851348480 851291264 850869696 850703552 
2227,501 850331328 850391936 850676800 850549824 850241024 850177408 
2239,072 849807104 849615680 849184448 848483328 848083648 847688064 
2250,643 846812800 846406144 846098304 846162048 846605888 846915200 
2262,214 847137920 847202240 846321664 845156352 843386304 841202624 
2273,785 839557248 838508224 837886016 838368064 839101888 840204928 
2285,355 841547328 842614464 843252544 843796672 843788288 843785408 
2296,926 843704384 843434880 843487936 843706688 843353024 843374848 
2308,497 843484352 843523712 843744384 843998336 844266112 844859136 
2320,068 844836608 844920896 844536128 844032768 843948672 843877696 
2331,639 843353728 843064640 842354880 842045888 842435968 843131008 
2343,209 843545664 844039680 843538688 843233920 843107008 843139584 
2354,780 843288192 843540928 843464128 843847488 843721472 843281344 
2366,351 842706880 842176576 842106880 842454592 842412096 842695232 
2377,922 842919488 842676544 842437888 842239104 841965952 842172544 
2389,493 842025664 841650944 841462080 841321856 841372352 841686912 
2401,063 841433792 841196928 841029824 840612288 840188160 840173120 
2412,634 840209216 840435136 840301504 839784640 839286592 838569280 
2424,205 837753600 837277632 836603008 836176448 835819200 835320128 
2435,776 835132352 835220544 835254208 835822400 836233664 836489024 
2447,347 836787648 836751680 836403904 836158592 835550144 835138112 
2458,917 834928256 834377216 833843456 833392896 832771200 832646080 
2470,488 832547712 832449344 832527680 832594432 832516160 832683776 
2482,059 832793408 833039872 833438272 833554048 833492736 833308416 
2493,630 832665920 832256000 831700160 830866624 830327552 830076160 
2505,201 829953792 830292352 830562048 830678784 830716736 830676288 
2516,771 830688768 830865152 831114752 831817408 832211584 832284096 
2528,342 832146176 831576832 830669888 829998720 829090112 828327744 
2539,913 827850752 827752384 828150336 828852160 829301440 829871744 
2551,484 830329728 830479232 830366656 829814080 828938496 828322240 
2563,055 827371840 826610496 826180288 825899584 826117376 826733248 
2574,625 827127936 827665792 827923840 827922688 827774144 827357696 
2586,196 826731648 826478592 826142400 826116992 826378176 826525120 
2597,767 826652608 826797888 826657664 826888896 827185920 827433920 
2609,338 827805696 827899008 827855680 828112384 827989120 827851712 
2620,909 827753216 827305920 827003968 827057408 826853504 826902016 
2632,479 826771392 826388480 826236352 825910464 825272704 824756672 
2644,050 823870848 823178624 822752448 822360512 822316224 822605504 
2655,621 822833088 823472384 823801216 823807040 824025600 824082560 
2667,192 823852288 823827712 823429888 823014656 822655360 821871040 
2678,763 821241472 820849664 820090432 819427840 818733760 817780352 
2690,333 816912064 816357824 816406656 817447872 818418176 819201664 
2701,904 819952384 820229632 820363008 820520448 820301760 820130560 
2713,475 819736192 819182080 818680832 818235328 817614656 817102144 
2725,046 816325760 815748800 815636608 815360960 815102144 815112960 
2736,617 814981376 815111168 815109760 814646528 814010112 813209280 
2748,188 812139328 811229696 810239232 809255680 808185280 806925824 
2759,758 805610432 804226560 802272256 800158400 797843904 795125952 
2771,329 791625536 787142208 782015680 777322112 773849152 772630784 
2782,900 773241344 774370880 775234240 775683072 775014976 773064320 
2794,471 770024064 767639232 767893888 770946432 775045568 779343872 
2806,042 782680448 784374336 784922688 784489152 783123904 781703808 
2817,612 780218496 778328192 775249088 771615744 769444288 769272128 
2829,183 769497472 769201728 767968512 766176384 764100736 761591360 
2840,754 758416000 754316480 748742976 742373760 735595520 728495872 
2852,325 721683072 715624768 710262464 706124032 703305280 701506752 
2863,896 700342464 699627136 699409024 700033600 701199168 703080192 
2875,466 704820032 705172032 703980160 701882688 699455040 697587456 
2887,037 696501760 696115264 696202240 696664512 697283328 698750464 
2898,608 700571776 702919744 705700224 707935232 709110592 709248704 
2910,179 707922048 705502976 701794176 696952448 691105088 684335296 
2921,750 676802112 669787264 664261184 661509696 661648768 663668544 
2933,320 666432704 669162048 670973312 671762304 670623808 667008640 
2944,891 661395648 655416576 652530624 656126528 665958080 678518976 
2956,462 689505088 698198464 706608832 716581952 727801920 739588288 
2968,033 751411648 763045504 774569408 785734272 795886592 804221504 
2979,604 810339264 814908352 817924736 819243520 818949824 817928000 
2991,174 816502208 814899136 812027584 807080000 799879424 789628160 
3002,745 777248768 767418304 764741440 769057088 775079744 777993920 
3014,316 776203840 771498176 768617920 772353344 781615744 792900032 
3025,887 803382848 809799808 810994816 807044992 797362304 782096000 
3037,458 762537216 749100352 757258560 783083904 807034560 820424960 
3049,028 827344640 832718208 836031424 835195968 830825216 825323456 
3060,599 821108416 820867008 824207104 828929344 834165184 838356800 
3072,170 840269248 840313792 838725056 836768768 835689856 836384192 
3083,741 839499328 844316544 848270080 850596032 852045952 852475456 
3095,312 852006464 850970752 849468352 848077248 846424192 844964800 
3106,882 844774144 845859904 848074112 850593408 852626496 854716032 
3118,453 856497472 857723904 858893632 859578752 859528576 859450176 
3130,024 859486976 859465792 859443904 859300160 858747712 858678144 
3141,595 858905088 858865216 858786560 858549504 858389952 858292480 
3153,166 857890880 857757888 857843456 857865664 857886400 857844928 
3164,736 857760640 857585216 857097408 856936896 856755072 856143552 
3176,307 855602880 855176192 854443584 854123456 854255296 854343872 
3187,878 854472128 854437248 854095552 853922944 853555136 853207104 
3199,449 852943552 852444160 852001984 851800832 851304448 851290112 
3211,020 851736320 851895616 852107072 852168320 852126016 852228544 
3222,590 852102592 851879488 851726400 851365568 851297216 851742912 
3234,161 851265408 850472000 849879744 849567360 849526272 849532480 
3245,732 849433984 849131840 848407296 847934208 848043264 847969024 
3257,303 846998272 846493504 846438272 846465216 846234432 846109632 
3268,874 846843776 847272128 846650624 846289152 845743232 845234240 
3280,444 845145344 844947072 844540096 844416512 844338560 844708736 
3292,015 845003840 844654528 844017792 842909696 842031552 842145792 
3303,586 842606080 842588672 842026816 840809472 839493440 839027072 
3315,157 838238400 837544576 836970112 836420992 836225344 836024448 
3326,728 834772672 833389184 832327936 831543936 831344768 831374656 
3338,298 830706432 829422784 828580416 827405632 826110912 825640000 
3349,869 825264448 823744384 821761024 820672512 820060224 819441088 
3361,440 818085376 816826240 816484224 816119232 814723200 812603392 
3373,011 810702208 809640256 808660224 807570752 806148224 804846848 
3384,582 803931584 803290624 803196736 803365312 802761024 801588672 
3396,152 800568384 800823872 801058304 799949632 798410880 797652864 
3407,723 797498496 797204544 796988736 796472576 795315840 795053632 
3419,294 795286272 795123776 794580480 794478208 794904832 795582784 
3430,865 795700928 796003520 796351296 796443776 795929088 795401216 
3442,436 795538176 796112832 796458176 796820928 796964032 797390272 
3454,006 798074112 798758848 799597952 800761024 800944128 801611264 
3465,577 803017472 804326464 804238144 803903936 804309056 804990080 
3477,148 805985152 807230656 807380800 807425216 808483968 809372480 
3488,719 809448064 810201728 811187264 812179968 813190016 813753344 
3500,290 814309248 815423936 815540224 815593792 815989312 817115456 
3511,860 818629888 819929728 820209856 820744576 821606976 823193280 
3523,431 824388352 824703424 825190592 826238656 826957952 828117888 
3535,002 829840000 830750528 831154112 832719552 834115136 835493312 
3546,573 835353216 835380416 836340416 837176576 837794048 838867136 
3558,144 839772416 840920512 841851456 841936512 842160512 844048832 
3569,714 845514880 846152832 846842240 847699200 848650368 850264064 
3581,285 851950272 853213120 853891968 854395968 855689600 857045312 
3592,856 857649280 858836544 860579328 862698432 863991488 864924416 
3604,427 865692800 865985664 866642240 867916736 868581696 869800128 
3615,998 870826176 872218560 874573184 875721152 875814528 875964864 
3627,568 876017600 877601152 879063360 879747648 880125952 880595520 
3639,139 881333376 882073664 882436288 882473152 882254720 884245888 
3650,710 885516672 885229632 885132352 886465920 887839232 887949952 
3662,281 887336256 887464576 887208768 886281408 886418048 887224256 
3673,852 886708288 887465216 888261824 888796800 889251648 889619456 
3685,422 889744960 890537920 891017024 891134784 891400384 891666880 
3696,993 891693568 891535872 891578432 892387328 892562688 892358464 
3708,564 891880640 891507136 892095424 892860352 893055872 893273472 
3720,135 893401728 893442368 893578240 893945216 894111168 894049216 
3731,706 894138880 894132160 894842560 896318464 895998528 894848576 
3743,276 893811776 894604480 894705280 894382016 895322880 895544000 
3754,847 895442752 895730752 895891520 895644352 895674752 895701952 
3766,418 895833984 896123840 896478592 896533888 896637952 896689600 
3777,989 897034304 897175552 896669632 896607424 896724416 896932160 
3789,560 896939008 896320064 896013120 896240704 896215040 895680000 
3801,130 895313728 895985792 895917376 896196416 896662464 896412416 
3812,701 895947648 895670080 896225344 896579520 896314880 896607616 
3824,272 896396544 896470784 896475200 896049216 896178368 897056960 
3835,843 897889152 897665664 897592448 897923840 897917376 897787392 
3847,414 897189184 896677568 895941440 896524480 897901376 897976064 
3858,984 897689280 897445376 897014848 897272192 898150272 898630656 
3870,555 898885504 899296256 899636096 899388288 898856896 899142272 
3882,126 899530816 899812480 900124672 899807808 899587968 900065088 
3893,697 900276864 900240384 899711360 899512576 899939648 900359424 
3905,268 900597440 900690048 900577792 900502976 900380032 900664768 
3916,838 900966400 901289472 901429504 901227968 900901440 901194432 
3928,409 901367040 901632064 902209536 902612160 902302336 901801088 
3939,980 901217728 900895616 901340992 901577280 901414592 901620096 
3951,551 901989376 901807552 901421248 901420544 901276224 901397184 
3963,122 901771648 902080256 902461120 903104064 903179392 903345536 
3974,692 903426944 903403136 903691584 904077312 904249984 904172160 
3986,263 903716032 903887232 904108864 904538496 904952064 904666432 
3997,834 903965376 904126592 
##END=
