##TITLE=Spectrum
##JCAMP-DX=5.00 $$ chemotion-converter-app (0.1.0)
##DATA TYPE=UV-VIS
##DATA CLASS=XYPOINTS
##ORIGIN=
##OWNER=
##FIRSTX=202
##LASTX=800
##MINX=202.0
##MAXX=800.0
##MINY=-0.000808166024382701
##MAXY=0.757460259550257
##NPOINTS=300
##FIRSTY=0.757460259550257
##XUNITS=NANOMETERS
##YUNITS=ABSORBANCE
##XYPOINTS=(XY..XY)
202, 0.757460259550257
204, 0.73689268512088
206, 0.715406878164763
208, 0.692064205618494
210, 0.656438245022155
212, 0.62911121445633
214, 0.598178651786588
216, 0.571202653260388
218, 0.539722402201467
220, 0.510519187760717
222, 0.479573995968296
224, 0.443162861724326
226, 0.406094283125612
228, 0.372875478088524
230, 0.347339168130665
232, 0.335241259141313
234, 0.334233083591663
236, 0.344043107776185
238, 0.361875264882645
240, 0.386183186544788
242, 0.412022036919748
244, 0.440126749206622
246, 0.466032031120124
248, 0.486945071678043
250, 0.503040098052439
252, 0.512021823889207
254, 0.514035006208485
256, 0.513001389968533
258, 0.509083559694162
260, 0.503280409095525
262, 0.496312812113547
264, 0.488373573881389
266, 0.477949182987881
268, 0.462898588092953
270, 0.440441736762019
272, 0.412360101154905
274, 0.378984457685424
276, 0.346296024266403
278, 0.316272874102638
280, 0.29105778160294
282, 0.27016228092762
284, 0.253240380966295
286, 0.238451859410313
288, 0.225865656035448
290, 0.213903002652745
292, 0.201725452804983
294, 0.190604779828924
296, 0.180564803502033
298, 0.170646570346628
300, 0.162329045423963
302, 0.155429010447751
304, 0.149327231032258
306, 0.144435155806728
308, 0.139613897603722
310, 0.135744394842495
312, 0.132187250377382
314, 0.12863248999096
316, 0.125296485417016
318, 0.122130125082763
320, 0.11947431871544
322, 0.117326463504446
324, 0.115765548187308
326, 0.11482111388196
328, 0.114671265743016
330, 0.115175882773116
332, 0.116293812695271
334, 0.118079458410228
336, 0.120035725600928
338, 0.122863674405039
340, 0.126180851504036
342, 0.129959513312626
344, 0.133823518304338
346, 0.137599100049814
348, 0.141126491543245
350, 0.144092672295159
352, 0.146783645544708
354, 0.149576921048138
356, 0.152604704645226
358, 0.1554072675344
360, 0.158010326800793
362, 0.158308856138641
364, 0.155708570198622
366, 0.150423702432248
368, 0.143278041415712
370, 0.135032051546481
372, 0.126741219236019
374, 0.117488837806573
376, 0.10860535935939
378, 0.100110037072583
380, 0.0918831188189051
382, 0.0842836915216289
384, 0.0777469758901732
386, 0.0714333772978044
388, 0.0658997497638441
390, 0.0616699221697091
392, 0.0579115459167851
394, 0.0551159181917769
396, 0.0530309731391203
398, 0.0516940368879563
400, 0.0509071377419022
402, 0.0506461596988316
404, 0.0506327678950667
406, 0.0508876633101892
408, 0.0514404031652166
410, 0.052053692901927
412, 0.0527470964584899
414, 0.0536153060809169
416, 0.0543740198073543
418, 0.0552034778913591
420, 0.0558884459297266
422, 0.0564335232752324
424, 0.0569520718946483
426, 0.0573964005877633
428, 0.0576296411544189
430, 0.057789574563565
432, 0.0577982107176426
434, 0.0574906604522133
436, 0.0571084077750102
438, 0.0565555292985767
440, 0.0554451197437904
442, 0.0544490566910632
444, 0.0534349709460137
446, 0.0522280538405358
448, 0.050853252621616
450, 0.0495586783786239
452, 0.0481014263415236
454, 0.0465287171423306
456, 0.0447710860577364
458, 0.0430969664020367
460, 0.041475770987076
462, 0.0398306656843076
464, 0.0380741498534752
466, 0.036442112357355
468, 0.0346232282919953
470, 0.0330635877997047
472, 0.031392614934165
474, 0.0298356962053547
476, 0.0283669310354357
478, 0.0267061094276522
480, 0.025136414317536
482, 0.0239059496411095
484, 0.0226147219486597
486, 0.0213891711053097
488, 0.0201218585303556
490, 0.0189639757757997
492, 0.0178633339033059
494, 0.0170017338575244
496, 0.0161766893624758
498, 0.015243900297349
500, 0.0143340850118183
502, 0.0136504004428304
504, 0.0128890200773114
506, 0.0122625749732687
508, 0.0116429823419003
510, 0.0109672360159364
512, 0.0102738125522467
514, 0.00976911190112303
516, 0.00920053494732718
518, 0.00877332418605129
520, 0.00824231303189814
522, 0.00772946247690271
524, 0.00733059852772079
526, 0.00686342688762346
528, 0.0065266541113465
530, 0.00607696901109804
532, 0.0056961708138387
534, 0.00527695504778877
536, 0.00496803551004182
538, 0.00463781716953805
540, 0.00428972119450253
542, 0.00382651437849354
544, 0.00356791375978217
546, 0.0033384966333939
548, 0.00308676143502682
550, 0.00278651870656833
552, 0.00251737674508248
554, 0.00229598991179197
556, 0.00201384429201802
558, 0.00180236027794625
560, 0.00166474365646739
562, 0.00139264306901528
564, 0.00130492476748273
566, 0.00103911238785857
568, 0.000902439179245716
570, 0.000775000338274757
572, 0.000625397702228522
574, 0.000537282322835135
576, 0.000287970491487255
578, 0.000278733407714722
580, 0.000240672544368432
582, 0.000114619312549166
584, 0.00010056117998047
586, -3.31899021537627E-05
588, -6.40130112479543E-05
590, -0.000200248419614043
592, -0.000172714792430653
594, -0.000209250164632516
596, -0.000266122521629147
598, -0.000377236422718533
600, -0.000363640286531249
602, -0.000439110199831879
604, -0.000338535922833186
606, -0.000599994065168198
608, -0.000545875891894711
610, -0.000436934681623449
612, -0.00043721371824587
614, -0.000497320998240484
616, -0.000469861897539149
618, -0.0004823600453754
620, -0.000451734763582266
622, -0.000602710960069687
624, -0.000538115299293547
626, -0.000638102164146645
628, -0.000611259147689865
630, -0.000414079183595589
632, -0.000536285341513575
634, -0.000621784790359895
636, -0.000605811654263405
638, -0.000445523937915132
640, -0.00068279552225128
642, -0.000516134755364001
644, -0.000625163745833741
646, -0.000643960509460765
648, -0.000621172666331263
650, -0.000608190875351799
652, -0.000586773008693139
654, -0.000483701056478197
656, -0.000507237040208646
658, -0.00069840701902686
660, -0.000515207296908316
662, -0.000613374816525717
664, -0.000613827978168771
666, -0.000601415159581397
668, -0.000638922237848941
670, -0.000611146477565657
672, -0.000596352358026244
674, -0.000499831161873482
676, -0.000557760174754237
678, -0.000480912991117161
680, -0.000521310301345815
682, -0.000717422191559513
684, -0.000558036752956164
686, -0.00060554819821562
688, -0.00055255520783435
690, -0.00052321648620872
692, -0.000631950230418177
694, -0.000644688854440958
696, -0.000450254638964947
698, -0.000559675856452328
700, -0.00061266837766716
702, -0.000583471769359333
704, -0.000558989282114502
706, -0.000436680594875448
708, -0.000428286125370994
710, -0.000526708038332553
712, -0.000247744303760485
714, -0.000491397813157411
716, -0.000450038129613047
718, -0.000530434073257483
720, -0.000416867082216422
722, -0.000411912078373452
724, -0.000384967438875163
726, -0.00040596619091359
728, -0.000430250703059713
730, -0.000440967071831215
732, -0.000436822213964267
734, -0.000480712443036805
736, -0.000418242875759071
738, -0.000380855975908576
740, -0.000355200225077608
742, -0.000251136799061827
744, -0.000212434215358087
746, -0.000273753732554961
748, -0.000212580687494712
750, -0.000141314677341171
752, -0.00014448750147311
754, -0.000498197995107438
756, -0.000496218204289282
758, -0.000663966010697455
760, -0.00051639477938592
762, -0.000474198432648362
764, -0.000494338713419494
766, -0.000548508785701067
768, -0.000447304309691907
770, -0.000518723350212919
772, -0.000808166024382701
774, -0.000567331916038426
776, -0.00045390985380856
778, -0.000423495968429644
780, -0.000688599375262934
782, -0.000329820745551873
784, -0.000527599949848879
786, -0.000410814526645174
788, -0.000415123929300515
790, -0.000569748830421807
792, -0.00045734467225127
794, -0.000440357401806524
796, -0.000339275165501977
798, -0.000391023751554716
800, -0.000428841425201752
##END=$$ End of the data block
