##TITLE=acetal-OTBS
##JCAMP-DX=5.01  $$ Nicolet v. 970
##DATATYPE=INFRARED SPECTRUM
##ORIGIN=KIT INT
##OWNER=Nicolet
##LONGDATE=2021/03/29
##TIME=17:15:50
##SPECTROMETER/DATA SYSTEM=Nicolet iS50
##DATA PROCESSING=
Ratio against background
%Transmittance->Absorbance
ATR Correction
Truncated
ElementMultiply or ElementDivide
##COMMENTS=
Number of sample scans: 20
Collection length: 29.56 sec
Sample gain: 4.0
Background collected on: Mon Mar 29 17:12:02 2021 (GMT+02:00);
Number of background scans: 20
Background gain: 4.0
Sample spacing:  1.000
Number of scan points: 16672
Resolution points: 8192
Number of FFT points: 65536
Apodization: N-B strong;
Phase correction: Mertz;
Laser frequency: 15798.00 cm-1
Number of rejected sample scans: 0
Number of rejected background scans: 0
Bench serial number: AUP1910585;
##RESOLUTION=4.000
##XUNITS=1/CM
##YUNITS=TRANSMITTANCE
##FIRSTX=400.156860
##LASTX=4000.123047
##FIRSTY=0.935856
##MAXX=4000.123047
##MINX=400.156860
##MAXY=1.027297
##MINY=0.356036
##XFACTOR=1.000000
##YFACTOR=1.000000E-008
##NPOINTS=7468
##DELTAX=0.482117
##ZPD=8192
##XYDATA=(X++(Y..Y))
400.157 93585640 93706384 93848728 94016944 94212320 94427832 94647616 
403.532 94851008 95019896 95145336 95230440 95288568 95337984 95393904 
406.906 95463352 95543496 95626520 95706624 95789488 95886288 96019928 
410.281 96195448 96448712 96765568 97106936 97434152 97707952 97898656 
413.656 97997784 97989480 97920192 97801176 97669168 97548208 97452176 
417.031 97386208 97341856 97306640 97248864 97181968 97108552 97032688 
420.406 96971160 96950024 96991304 97088512 97261160 97474560 97697216 
423.781 97879912 98001976 98043216 98006056 97911128 97784872 97657192 
427.155 97547240 97463168 97402352 97355872 97323784 97309704 97336104 
430.530 97395600 97479880 97580176 97672416 97732360 97746872 97704200 
433.905 97624360 97516464 97408448 97315800 97239168 97169512 97093840 
437.280 96984256 96852944 96688360 96498208 96307664 96135448 95995328 
440.655 95905160 95863232 95864176 95901664 95953144 96003824 96036408 
444.029 96040904 96001648 95938496 95834336 95705640 95578920 95468344 
447.404 95380928 95318936 95267352 95239328 95240888 95236152 95251560 
450.779 95283832 95348072 95432520 95531216 95632752 95720984 95798888 
454.154 95865128 95935024 96022224 96124048 96245896 96379840 96513984 
457.529 96614664 96670896 96649960 96578856 96463968 96315352 96175192 
460.904 96064480 95997368 95987600 96018616 96074360 96145336 96204944 
464.278 96251208 96293712 96339264 96413784 96508032 96621360 96728720 
467.653 96807656 96838688 96811552 96737720 96615704 96475992 96341552 
471.028 96221800 96123192 96075016 96084288 96090752 96126344 96185464 
474.403 96264200 96327408 96368712 96442040 96465416 96476136 96488464 
477.778 96502424 96528904 96603416 96685880 96789928 96901064 96990192 
481.152 97052352 97078192 97084864 97091144 97100000 97120312 97181720 
484.527 97251088 97343904 97450672 97542936 97626648 97709928 97759816 
487.902 97779504 97767136 97730120 97662040 97586432 97496664 97408144 
491.277 97326368 97278376 97212720 97157680 97107816 97051096 96996608 
494.652 96952096 96908984 96868272 96840824 96817704 96785448 96764400 
498.027 96731224 96677032 96626928 96574424 96541728 96496976 96465896 
501.401 96464272 96478368 96506528 96539480 96581232 96620464 96651928 
504.776 96665056 96645152 96623960 96583248 96524896 96471312 96447080 
508.151 96456104 96503040 96579240 96689072 96836952 96985776 97124912 
511.526 97252064 97352888 97421720 97456328 97458128 97435728 97399384 
514.901 97360336 97329048 97312632 97303856 97304760 97329544 97344768 
518.275 97339784 97356728 97360920 97361664 97362616 97366944 97376872 
521.650 97393992 97419552 97459296 97502456 97560208 97644176 97737824 
525.025 97843688 97955528 98049336 98124344 98175760 98213696 98223344 
528.400 98213464 98195168 98175224 98158968 98150016 98150648 98162008 
531.775 98184136 98215936 98255168 98298520 98341632 98380568 98412016 
535.150 98433400 98443336 98441496 98428776 98407104 98379664 98351536 
538.524 98329456 98310984 98313272 98342944 98391200 98450824 98522976 
541.899 98577344 98607024 98611320 98591536 98549768 98505440 98465088 
545.274 98438872 98423776 98421304 98434816 98455976 98480680 98504528 
548.649 98520176 98533320 98537320 98531064 98515528 98494072 98472416 
552.024 98460368 98464408 98478192 98499744 98528272 98552400 98562928 
555.398 98556808 98535608 98502200 98467848 98439608 98420424 98408752 
558.773 98390016 98367416 98349504 98325992 98299584 98274440 98263072 
562.148 98239208 98206248 98162960 98106472 98037224 97958720 97875496 
565.523 97790976 97705704 97617320 97521832 97416056 97299504 97168256 
568.898 97040408 96909688 96789776 96676648 96566072 96459584 96357920 
572.273 96264304 96179312 96116976 96076824 96059648 96063704 96085944 
575.647 96123624 96175256 96240592 96319584 96411184 96512832 96620712 
579.022 96731120 96841848 96952824 97065208 97179976 97295904 97408736 
582.397 97511736 97597880 97662312 97704312 97727488 97738168 97743000 
585.772 97746600 97750616 97754496 97756888 97758776 97762760 97772776 
589.147 97792048 97821440 97858504 97898328 97935520 97966320 97989872 
592.521 98007944 98022968 98036096 98045680 98047744 98037736 98013296 
595.896 97976128 97932440 97891408 97862288 97851384 97860456 97886464 
599.271 97923168 97962992 97999032 98026088 98040784 98041328 98027280 
602.646 97999592 97960376 97912528 97858600 97799264 97732256 97652120 
606.021 97551880 97425696 97272032 97095528 96906936 96720536 96550384 
609.396 96406408 96292528 96206896 96144416 96099760 96069944 96054952 
612.770 96056344 96074992 96108992 96153296 96200960 96245624 96284192 
616.145 96317832 96351328 96390728 96440712 96502656 96574376 96651664 
619.520 96730512 96808992 96887848 96969672 97057320 97152448 97254840 
622.895 97362288 97471840 97580392 97685432 97784656 97875784 97956208 
626.270 98023400 98075496 98112488 98136560 98151928 98163736 98176832 
629.644 98194560 98218464 98248392 98283408 98322056 98362648 98402792 
633.019 98439016 98466952 98482040 98481080 98463704 98433128 98395512 
636.394 98358304 98327792 98306880 98294504 98285928 98274912 98255624 
639.769 98224488 98180368 98123888 98055936 97976840 97885960 97782856 
643.144 97668672 97547328 97425656 97312096 97214416 97137304 97080536 
646.518 97038824 97003080 96962976 96909672 96837992 96747192 96640400 
649.893 96522992 96400536 96276864 96152944 96026336 95891744 95742176 
653.268 95570616 95371544 95142312 94883608 94599184 94294696 93976400 
656.643 93649648 93318088 92983544 92646776 92308248 91969128 91631576 
660.018 91298832 90974784 90663952 90371344 90103064 89866424 89669784 
663.393 89521504 89428248 89393072 89413928 89483096 89588240 89714400 
666.767 89847160 89976704 90102200 90233464 90382616 90548400 90713656 
670.142 90857096 90961696 91015376 91009368 90936592 90790656 90565176 
673.517 90254136 89853096 89361584 88785824 88140904 87451608 86751256 
676.892 86078360 85472552 84969904 84599168 84378904 84316240 84406552 
680.267 84634384 84975144 85398032 85869480 86356808 86831544 87271792 
683.641 87663048 87997400 88271560 88484504 88634928 88719600 88732336 
687.016 88663888 88502056 88232288 87838432 87304424 86616712 85767752 
690.391 84759856 83608728 82345704 81017704 79684584 78414368 77276464 
693.766 76334792 75641080 75230104 75117192 75298144 75751456 76442392 
697.141 77327520 78360080 79494216 80688712 81909176 83128536 84326336 
700.516 85487072 86598272 87649280 88630744 89535304 90358288 91098432 
703.890 91757176 92337880 92843976 93277912 93640936 93934056 94159824 
707.265 94323936 94435904 94508448 94555360 94589264 94619328 94650480 
710.640 94683656 94717144 94748216 94774400 94794088 94806496 94811064 
714.015 94807312 94794480 94771776 94738376 94693536 94636384 94565872 
717.390 94480712 94379968 94263656 94133456 93992792 93846488 93699504 
720.764 93555680 93416736 93282056 93149120 93014208 92873272 92722528 
724.139 92558736 92379760 92184672 91974392 91751984 91522288 91290888 
727.514 91062552 90839304 90619464 90397824 90167720 89923736 89664752 
730.889 89395376 89125520 88867456 88632184 88425968 88248536 88093936 
734.264 87953232 87817968 87683224 87548640 87417592 87294992 87184768 
737.639 87088432 87005024 86932184 86867864 86811512 86764168 86727848 
741.013 86704600 86695712 86701880 86723848 86763184 86822360 86904072 
744.388 87009784 87138464 87286152 87446712 87613784 87783240 87954440 
747.763 88130352 88315560 88513424 88723368 88939496 89151040 89344872 
751.138 89508472 89632888 89713880 89751528 89748304 89706936 89628800 
754.513 89513752 89360928 89170440 88944392 88687288 88405256 88104416 
757.887 87789128 87460944 87118304 86757288 86372944 85960368 85515728 
761.262 85036128 84518912 83960800 83356736 82699568 81980040 81187608 
764.637 80311832 79343960 78278264 77113072 75850904 74497928 73062544 
768.012 71553680 69978840 68342864 66647164 64890168 63068336 61178144 
771.387 59218056 57190724 55104660 52975336 50825364 48684192 46586632 
774.762 44571284 42678392 40947528 39415636 38114928 37071024 36301360 
778.136 35813400 35603556 35656516 35945832 36435748 37084560 37848624 
781.511 38687056 39565588 40459424 41354268 42245588 43136476 44034616 
784.886 44948992 45887464 46855016 47853544 48882340 49939448 51023232 
788.261 52133548 53272288 54443296 55651128 56899572 58189728 59518748 
791.636 60879144 62259048 63643136 65014144 66354020 67645048 68870304 
795.010 70014056 71062000 72001736 72823272 73519808 74087736 74526520 
798.385 74837688 75023496 75085936 75026032 74844080 74541048 74119928 
801.760 73587368 72954232 72235288 71448112 70611584 69744888 68867560 
805.135 68000000 67165032 66388388 65698640 65125136 64695252 64430808 
808.510 64345696 64444228 64721632 65165060 65755408 66468820 67277568 
811.885 68150800 69055288 69956432 70820024 71614064 72310456 72885904 
815.259 73322040 73604624 73722544 73667128 73432504 73016648 72423704 
818.634 71666216 70767016 69759792 68688376 67604120 66562204 65616668 
822.009 64815368 64194924 63776660 63563664 63540308 63672960 63913208 
825.384 64202240 64476516 64673676 64738160 64625388 64304680 63759552 
828.759 62986968 61995020 60800464 59426452 57900852 56255172 54524416 
832.133 52746536 50962280 49214076 47544472 45994124 44599680 43392232 
835.508 42396884 41633068 41115608 40855416 40859328 41128952 41658816 
838.883 42434672 43433060 44622428 45965876 47424636 48961524 50543160 
842.258 52140852 53729936 55288368 56795044 58228856 59568344 60792396 
845.633 61881332 62818068 63588696 64182732 64592516 64812768 64839928 
849.008 64672120 64309404 63754376 63012980 62095332 61016528 59797500 
852.382 58465408 57053936 55602584 54155308 52757848 51455052 50287836 
855.757 49290820 48490808 47906268 47547472 47417300 47512220 47823448 
859.132 48337972 49039580 49909648 50927820 52072756 53322920 54657256 
862.507 56055956 57500784 58975184 60463840 61952232 63426312 64872444 
865.882 66277772 67631024 68923152 70147736 71300912 72381144 73388384 
869.256 74323480 75187320 75980320 76701840 77349936 77921216 78411352 
872.631 78815800 79130928 79354896 79488256 79533704 79495192 79376376 
876.006 79179408 78903960 78547032 78103648 77567952 76934456 76199136 
879.381 75360016 74417464 73374256 72235760 71009952 69707912 68343856 
882.756 66935356 65502892 64069320 62658816 61295764 60003340 58802552 
886.130 57711048 56742892 55908024 55212368 54658096 54243852 53965056 
889.505 53814464 53782492 53857836 54027628 54277676 54592692 54956520 
892.880 55352712 55765608 56181484 56589952 56984688 57363708 57728924 
896.255 58085188 58439232 58799076 59173740 59573568 60010424 60497552 
899.630 61048944 61677952 62395488 63208568 64119032 65123396 66213060 
903.005 67375112 68593064 69847736 71117552 72379608 73610600 74788608 
906.379 75894656 76914368 77838520 78662376 79383824 80001080 80510480 
909.754 80906000 81180216 81327320 81346920 81247400 81047720 80776800 
913.129 80470552 80167616 79905008 79714816 79622520 79646992 79801032 
916.504 80092264 80522936 81089344 81780624 82577760 83454224 84377488 
919.879 85312360 86224920 87085888 87873512 88574352 89182888 89700008 
923.253 90131152 90484360 90768936 90994152 91168632 91299400 91391784 
926.628 91449320 91474008 91467208 91430256 91365040 91274176 91160328 
930.003 91025672 90870744 90693944 90490912 90255072 89977800 89649896 
933.378 89262408 88808376 88284480 87692656 87041760 86348296 85636208 
936.753 84935448 84278888 83698360 83220360 82862184 82629104 82513912 
940.128 82498016 82554984 82654480 82767144 82868488 82941472 82977408 
943.502 82975256 82939336 82876920 82795528 82701200 82598016 82488072 
946.877 82372344 82251216 82124504 81990976 81847144 81686768 81500664 
950.252 81277864 81007320 80680256 80291888 79841688 79332784 78769928 
953.627 78157336 77497200 76789360 76032536 75226368 74373968 73483448 
957.002 72568256 71646264 70737400 69861184 69034432 68269848 67575656 
960.376 66956000 66411804 65941820 65543404 65213272 64947936 64743888 
963.751 64597772 64506036 64464636 64468340 64510032 64580360 64667664 
967.126 64758416 64838408 64893960 64913156 64886896 64809508 64678720 
970.501 64495276 64262360 63985128 63670320 63326272 62963176 62593496 
973.876 62232488 61898360 61612152 61397296 61278236 61279084 61421496 
977.251 61722696 62193400 62836160 63644144 64600908 65680800 66850548 
980.625 68071904 69305040 70512064 71660288 72724552 73688272 74543120 
984.000 75288176 75928344 76473136 76935208 77329184 77670168 77972552 
987.375 78248376 78506784 78753784 78992832 79226192 79456112 79685488 
990.750 79917752 80155824 80400536 80649400 80895952 81129896 81338408 
994.125 81507504 81623992 81677088 81659824 81570408 81412496 81194432 
997.499 80926144 80614160 80255040 79829264 79298448 78608208 77698280 
1000.874 76518744 75049144 73314920 71396048 69423280 67562072 65986580 
1004.249 64849512 64255868 64246848 64797388 65827600 67223160 68858784 
1007.624 70618720 72409856 74166992 75850968 77442672 78936072 80331776 
1010.999 81633040 82843168 83964640 84998776 85945944 86806112 87579632 
1014.374 88268200 88875544 89407664 89872448 90278088 90632192 90940464 
1017.748 91206560 91432624 91620408 91772296 91892112 91984920 92056656 
1021.123 92113048 92158800 92196912 92228536 92252960 92267840 92269616 
1024.498 92254032 92217000 92155632 92068840 91957960 91826320 91678240 
1027.873 91517520 91345992 91162888 90965112 90748648 90510360 90249736 
1031.249 89969448 89674824 89372104 89066384 88759864 88450992 88135024 
1034.624 87805216 87454488 87076608 86666448 86219472 85730608 85193088 
1037.999 84598016 83934696 83191696 82358464 81426832 80391848 79251928 
1041.374 78008248 76663472 75220456 73681408 72047512 70319600 68499296 
1044.750 66590660 64601708 62545744 60441368 58312028 56184484 54087044 
1048.125 52047540 50092240 48244788 46526236 44955152 43547852 42318372 
1051.500 41278380 40436520 39798132 39364760 39134340 39101392 39257788 
1054.875 39593500 40097664 40759216 41567556 42512516 43584120 44771884 
1058.250 46064104 47447440 48906812 50425924 51988240 53577932 55180804 
1061.626 56784800 58379820 59957100 61508424 63024884 64496156 65909896 
1065.001 67251656 68505456 69654744 70683896 71579688 72332832 72938736 
1068.376 73397736 73714240 73895336 73949240 73883832 73706104 73422400 
1071.751 73039792 72567552 72018680 71410360 70763456 70100632 69444152 
1075.127 68813520 68224176 67687256 67210656 66800592 66463396 66206452 
1078.502 66038360 65967736 66001784 66144408 66395128 66748596 67195416 
1081.877 67723648 68320504 68973920 69673472 70410032 71175024 71959112 
1085.252 72751336 73538744 74307016 75041496 75728432 76355648 76912728 
1088.628 77390408 77779664 78070984 78254056 78318144 78252520 78047256 
1092.003 77693184 77181864 76504832 75653592 74620040 73397928 71985272 
1095.378 70386960 68616976 66699500 64668616 62566740 60442488 58348036 
1098.753 56337020 54462468 52774992 51320764 50139380 49261736 48708324 
1102.129 48488488 48600580 49033272 49767324 50777488 52034296 53505312 
1105.504 55156084 56950748 58852916 60826404 62836276 64850104 66838920 
1108.879 68778000 70647312 72431472 74119576 75704696 77183544 78556128 
1112.254 79825184 80995576 82073552 83065704 83977992 84815176 85580744 
1115.630 86277184 86906584 87471480 87975256 88422376 88818320 89169192 
1119.005 89481528 89761952 90017128 90253488 90476976 90692504 90903744 
1122.380 91112688 91319768 91524440 91725816 91923184 92116552 92306328 
1125.755 92492856 92675664 92852960 93021480 93177184 93316048 93435328 
1129.131 93534048 93613576 93676712 93727296 93768816 93804072 93834824 
1132.506 93862232 93887072 93910328 93932880 93955160 93976376 93994120 
1135.881 94004088 94000952 93979440 93935992 93869536 93782360 93679112 
1139.256 93565872 93448040 93328808 93208160 93082848 92947040 92793880 
1142.632 92616824 92410728 92171960 91898272 91587648 91237640 90844432 
1146.007 90402776 89905968 89346296 88715336 88004512 87205416 86310512 
1149.382 85314192 84214768 83016544 81732464 80386240 79013352 77660392 
1152.757 76382496 75238648 74285944 73573032 73134376 72986008 73123432 
1156.133 73522392 74141608 74927608 75820056 76757136 77679928 78535824 
1159.508 79280384 79878480 80304968 80544688 80592784 80454464 80144376 
1162.883 79685304 79106088 78438784 77715512 76965384 76212112 75472488 
1166.258 74756072 74066104 73401768 72761120 72144224 71556232 71009160 
1169.634 70522400 70121440 69835088 69691904 69716136 69924600 70324328 
1173.009 70911872 71673624 72587408 73624376 74751128 75931944 77130776 
1176.384 78313064 79447648 80508120 81473728 82329504 83065632 83676376 
1179.759 84158864 84512072 84736784 84835632 84813576 84677960 84437904 
1183.135 84102776 83680856 83177688 82595688 81934704 81193840 80373944 
1186.510 79480272 78524368 77524984 76507504 75502168 74541416 73657456 
1189.885 72879392 72231760 71733120 71395888 71226176 71224336 71385440 
1193.260 71700144 72155920 72738112 73431056 74218832 75085240 76013496 
1196.635 76985768 77982936 78985072 79972624 80927584 81835056 82683760 
1200.011 83465992 84176928 84813832 85375608 85862720 86277424 86624272 
1203.386 86909840 87142352 87330336 87481624 87602352 87696904 87768400 
1206.761 87819680 87854264 87876824 87892928 87908464 87928760 87957968 
1210.136 87999040 88053992 88124528 88212424 88319464 88447344 88596712 
1213.512 88767096 88956544 89161928 89379328 89604392 89832584 90059368 
1216.887 90280024 90489880 90684736 90861280 91017528 91152936 91268120 
1220.262 91364048 91441400 91500096 91539400 91558408 91557016 91536424 
1223.637 91499400 91449560 91390504 91324424 91251560 91169952 91076032 
1227.013 90965784 90835912 90684712 90512296 90320504 90112008 89889736 
1230.388 89655864 89411536 89156576 88889680 88608984 88312744 88000184 
1233.763 87671904 87330208 86978520 86620272 86257648 85890176 85514080 
1237.138 85122448 84706216 84255552 83761344 83215976 82613392 81948320 
1240.514 81215144 80406936 79514736 78527376 77432320 76216064 74865568 
1243.889 73369256 71718864 69911264 67950760 65851144 63637116 61344304 
1247.264 59018324 56711968 54481896 52385004 50474852 48798676 47394844 
1250.639 46290484 45499532 45021088 44838980 44922388 45228464 45706180 
1254.015 46301256 46961084 47638924 48296800 48907000 49452364 49926012 
1257.390 50330536 50676908 50982868 51270496 51562904 51880528 52237288 
1260.765 52637908 53076488 53536872 53994516 54419664 54780996 55049468 
1264.140 55201404 55221212 55102636 54849008 54472364 53991612 53430056 
1267.516 52812788 52164384 51506868 50858436 50232568 49637392 49075516 
1270.891 48544020 48035316 47538520 47041860 46535220 46012936 45475468 
1274.266 44929964 44389600 43871768 43396128 42982644 42650420 42417148 
1277.641 42298564 42308324 42457192 42752192 43195808 43785292 44512728 
1281.017 45365804 46329108 47385632 48518364 49711500 50950992 52224952 
1284.392 53523508 54838772 56164668 57496636 58831552 60167088 61501356 
1287.767 62832260 64157272 65473436 66777504 68066240 69336544 70585064 
1291.142 71807728 72998928 74151344 75256152 76304192 77287432 78200568 
1294.518 79041984 79813712 80520552 81168280 81762160 82305672 82800320 
1297.893 83246208 83643192 83991984 84294952 84556280 84781424 84976400 
1301.268 85146736 85296976 85430464 85549480 85655736 85750936 85837256 
1304.643 85917384 85994816 86073464 86157568 86251656 86360304 86488016 
1308.019 86639112 86816928 87023288 87257720 87516928 87795000 88084032 
1311.394 88375512 88661952 88938000 89201648 89453696 89697072 89935464 
1314.769 90171936 90407864 90642776 90874600 91100352 91316864 91521448 
1318.144 91712056 91887464 92047048 92190784 92319088 92432944 92533680 
1321.520 92622696 92701304 92770336 92830048 92880104 92919672 92947712 
1324.895 92963088 92964848 92952120 92924360 92881408 92823568 92751464 
1328.270 92666136 92568496 92459232 92338736 92207120 92064440 91910864 
1331.645 91746648 91571536 91384136 91181176 90957432 90706304 90420968 
1335.021 90096000 89728584 89318888 88869032 88381808 87858904 87300040 
1338.396 86703016 86065216 85385288 84664640 83908112 83123000 82317864 
1341.771 81500664 80678040 79855048 79036024 78225584 77429264 76653552 
1345.146 75905488 75191816 74518624 73891048 73313552 72789968 72323608 
1348.521 71916560 71569408 71280784 71047440 70865032 70728760 70634456 
1351.897 70578592 70558160 70569984 70609920 70672416 70750744 70837296 
1355.272 70924248 71003648 71067280 71106272 71110824 71071176 70979568 
1358.647 70833344 70638744 70413248 70186792 69999704 69898040 69927088 
1362.022 70123784 70510416 71090248 71846664 72745640 73741368 74783400 
1365.398 75824136 76825072 77760640 78619160 79401760 80118736 80785384 
1368.773 81417728 82029400 82630016 83224904 83816312 84404520 84989104 
1372.148 85569448 86144672 86713168 87272136 87817544 88344592 88848272 
1375.523 89324088 89768480 90178952 90553792 90892048 91193696 91459912 
1378.899 91693208 91897448 92076912 92235304 92374456 92493456 92588648 
1382.274 92654424 92684368 92672448 92613688 92504264 92340776 92120152 
1385.649 91839616 91497768 91096776 90644544 90156680 89656984 89176560 
1389.024 88750960 88415976 88202760 88133056 88215400 88443456 88796432 
1392.400 89242040 89741336 90254320 90745392 91187288 91563048 91865576 
1395.775 92095488 92257864 92359632 92407696 92408456 92368064 92293088 
1399.150 92190360 92066712 91927792 91777584 91617960 91449392 91271952 
1402.525 91086464 90894992 90700920 90508392 90321312 90142896 89975440 
1405.901 89820616 89680184 89556376 89452104 89370616 89314872 89286712 
1409.276 89286312 89311792 89359160 89422792 89496144 89572544 89646248 
1412.651 89713104 89770880 89819032 89858040 89888264 89909072 89918152 
1416.026 89911776 89885472 89835288 89758664 89655216 89526536 89375600 
1419.402 89205672 89019064 88816624 88597336 88358416 88095832 87804432 
1422.777 87478656 87112792 86701512 86240320 85725624 85154448 84523664 
1426.152 83829008 83064392 82222056 81293576 80272032 79154392 77943768 
1429.527 76651296 75296288 73905928 72513584 71156696 69873896 68702048 
1432.903 67673504 66814200 66142968 65671936 65407212 65349540 65493560 
1436.278 65826812 66328080 66966592 67702560 68489088 69274648 70006496 
1439.653 70633872 71111896 71405968 71496048 71380192 71076016 70619568 
1443.028 70061528 69461784 68882960 68384176 68015848 67815704 67806936 
1446.404 67997808 68382712 68944232 69655872 70485152 71397248 72358064 
1449.779 73336904 74307616 75248880 76143472 76977536 77740368 78424592 
1453.154 79026240 79544488 79980176 80333968 80604296 80786160 80870944 
1456.529 80847696 80705096 80433368 80025784 79479640 78797304 77987904 
1459.905 77069648 76071616 75034760 74009600 73051640 72214616 71543000 
1463.280 71065304 70789792 70702728 70770152 70942640 71161808 71367576 
1466.655 71504416 71525480 71395568 71092944 70611520 69963416 69181368 
1470.030 68319768 67452872 66669432 66062500 65716324 65691652 66013696 
1473.406 66665468 67589400 68696232 69879096 71028968 72048200 72859984 
1476.781 73413104 73681968 73663320 73370968 72830448 72074768 71142104 
1480.156 70075024 68919960 67726432 66545328 65426056 64413864 63547492 
1483.531 62857848 62367828 62092888 62042016 62218564 62621164 63244344 
1486.906 64078856 65111856 66326752 67702880 69214904 70832712 72521656 
1490.282 74243888 75960864 77636400 79239760 80748424 82148672 83435176 
1493.657 84608632 85673552 86635688 87500640 88273632 88959936 89566000 
1497.032 90100088 90572328 90994128 91376424 91728560 92056744 92363688 
1500.407 92648904 92909864 93143744 93349128 93527376 93682808 93822112 
1503.783 93952664 94080528 94209072 94337800 94463104 94579672 94682600 
1507.158 94769568 94841632 94902680 94957992 95012336 95068568 95127280 
1510.533 95187376 95247096 95305232 95361744 95417752 95475048 95535144 
1513.908 95598528 95664520 95731312 95796592 95857832 95913024 95960792 
1517.284 96000760 96033808 96062016 96088688 96117768 96153152 96197464 
1520.659 96251136 96311944 96375224 96435200 96486752 96527008 96556184 
1524.034 96577488 96595936 96616880 96644376 96680000 96722560 96768512 
1527.409 96813208 96852352 96883080 96904928 96919696 96930912 96942888 
1530.785 96959304 96982296 97011888 97045856 97080768 97112896 97139368 
1534.160 97159040 97172512 97181784 97189056 97196160 97203960 97212328 
1537.535 97220640 97228032 97233808 97237168 97237272 97232920 97223000 
1540.910 97206920 97185488 97161048 97137480 97118976 97108656 97107464 
1544.286 97113296 97121600 97126544 97123256 97108816 97083616 97050696 
1547.661 97014736 96980296 96950704 96926904 96907760 96890592 96871936 
1551.036 96848752 96819152 96782560 96740272 96694792 96649696 96608704 
1554.411 96574592 96548360 96528888 96513088 96496952 96476744 96450256 
1557.787 96417464 96380280 96341360 96302760 96264608 96224720 96179152 
1561.162 96123680 96055024 95972056 95875576 95767936 95651936 95530088 
1564.537 95403648 95272536 95135296 94989400 94831368 94657552 94464288 
1567.912 94248928 94010480 93750736 93474328 93188360 92901280 92621032 
1571.288 92353472 92101112 91862968 91634776 91410008 91180576 90937512 
1574.663 90671432 90372944 90033112 89644216 89200184 88696768 88130824 
1578.038 87499392 86798504 86022824 85165968 84221760 83186424 82060240 
1581.413 80849248 79565736 78228336 76861424 75494320 74160544 72896496 
1584.789 71739840 70726960 69890776 69258456 68849928 68677104 68743248 
1588.164 69042736 69560688 70273088 71147680 72145704 73224552 74340728 
1591.539 75452968 76524760 77526104 78434168 79233176 79912952 80467264 
1594.914 80892048 81183864 81339800 81357728 81237560 80982320 80599104 
1598.290 80099400 79499072 78817896 78079240 77309568 76537760 75794344 
1601.665 75110328 74515576 74037344 73698408 73515656 73499000 73651376 
1605.040 73969072 74443064 75060256 75804832 76658808 77602368 78614272 
1608.415 79672576 80755680 81843880 82920776 83973656 84993528 85974056 
1611.791 86910400 87798304 88633800 89413184 90133696 90793896 91394008 
1615.166 91935672 92421792 92856168 93243304 93588160 93896184 94173280 
1618.541 94425512 94658888 94879112 95090880 95297632 95501168 95701464 
1621.916 95896856 96084528 96261016 96423376 96569216 96697736 96809272 
1625.292 96905424 96988736 97062496 97130224 97195824 97262448 97332432 
1628.667 97406352 97482648 97557928 97627712 97687544 97734680 97768968 
1632.042 97793032 97811512 97829656 97851504 97878552 97909248 97939952 
1635.417 97966208 97984976 97995712 98001064 98005512 98014056 98030160 
1638.792 98054984 98087136 98123632 98161224 98197528 98231816 98264816 
1642.168 98297488 98330240 98362000 98390184 98411696 98424080 98426664 
1645.543 98421168 98411216 98401320 98395008 98393936 98397376 98402920 
1648.918 98407888 98410280 98409768 98407344 98404640 98402800 98401736 
1652.293 98399984 98395360 98386512 98373960 98360480 98350592 98348872 
1655.669 98358288 98378856 98407440 98438192 98464168 98479216 98479512 
1659.044 98464848 98438752 98407488 98378264 98357896 98350720 98357768 
1662.419 98376472 98401600 98426504 98445240 98454064 98452824 98444544 
1665.794 98434440 98427992 98429368 98439696 98457376 98478616 98499016 
1669.170 98515496 98526896 98534336 98540184 98546520 98554200 98562416 
1672.545 98569368 98573288 98573384 98570536 98566816 98564784 98566784 
1675.920 98573856 98586120 98602776 98622840 98645024 98667944 98689224 
1679.295 98705960 98714960 98714192 98703616 98686208 98667616 98654600 
1682.671 98652440 98663368 98684848 98710392 98731488 98741112 98735608 
1686.046 98716472 98688752 98658936 98632328 98611736 98596856 98585856 
1689.421 98576760 98569232 98564696 98566016 98575800 98594960 98621808 
1692.796 98652456 98681536 98703984 98715912 98715672 98703936 98683064 
1696.172 98656776 98629200 98604320 98585440 98575024 98573928 98581608 
1699.547 98595808 98613008 98628968 98640032 98644112 98640896 98632032 
1702.922 98620008 98607800 98597576 98590952 98588432 98589784 98594056 
1706.297 98600216 98606952 98613192 98618424 98622776 98626880 98632040 
1709.673 98639040 98648048 98658288 98667784 98674440 98676632 98674136 
1713.048 98668568 98662728 98659880 98662328 98670288 98681736 98692848 
1716.423 98698984 98696480 98683264 98659624 98627368 98588928 98545856 
1719.798 98498328 98444712 98382000 98307008 98217472 98112744 97994416 
1723.174 97866096 97732912 97600568 97474200 97357928 97254304 97164936 
1726.549 97090832 97033568 96995240 96978448 96985640 97017848 97073896 
1729.924 97149888 97240040 97337824 97437800 97536536 97633328 97729264 
1733.299 97826408 97925824 98027000 98127664 98225048 98316728 98401984 
1736.675 98481304 98556336 98627872 98696016 98759168 98815192 98862320 
1740.050 98900512 98931376 98957704 98981992 99004912 99024568 99036536 
1743.425 99035480 99017200 98980728 98929200 98870240 98814208 98772256 
1746.800 98753592 98763608 98802416 98864832 98941408 99020160 99089288 
1750.176 99139000 99163792 99162912 99140224 99102312 99057048 99010872 
1753.551 98968000 98930000 98896208 98864856 98834408 98803624 98772536 
1756.926 98741704 98712344 98685904 98664408 98649968 98644544 98649064 
1760.301 98663008 98683392 98705256 98722472 98729536 98723368 98704168 
1763.677 98675504 98642864 98611904 98586648 98568760 98557800 98552168 
1767.052 98550680 98552960 98559864 98571584 98587256 98603576 98615504 
1770.427 98617624 98605952 98579776 98542384 98500384 98461728 98433232 
1773.802 98418424 98416760 98424312 98434952 98442744 98443400 98435520 
1777.177 98420616 98402752 98387104 98378840 98381536 98396496 98422184 
1780.553 98454648 98488688 98519064 98541952 98555512 98559760 98555728 
1783.928 98543784 98523056 98491160 98445536 98385080 98312272 98233448 
1787.303 98158416 98097848 98060784 98051784 98070184 98110680 98165472 
1790.678 98226672 98288576 98347976 98403720 98455200 98500832 98538144 
1794.054 98564536 98578976 98583344 98582584 98583488 98592496 98613160 
1797.429 98644616 98681760 98716872 98742512 98753776 98750200 98735360 
1800.804 98715800 98698576 98689824 98692936 98708912 98736216 98771824 
1804.179 98811464 98850288 98883424 98907072 98919544 98922408 98920448 
1807.555 98921032 98931464 98956336 98995000 99040920 99082792 99108136 
1810.930 99107864 99079776 99030216 98972960 98925032 98901888 98912464 
1814.305 98957544 99029312 99115104 99200896 99275424 99332568 99371808 
1817.680 99396520 99412112 99423368 99433448 99443512 99453272 99461432 
1821.056 99465928 99463832 99451512 99425144 99382168 99322688 99251232 
1824.431 99176272 99108952 99059784 99035600 99036456 99055640 99080792 
1827.806 99097576 99093416 99061200 99000808 98919304 98828624 98743264 
1831.181 98677408 98642152 98644624 98686680 98764840 98870416 98990432 
1834.557 99109664 99212896 99287944 99328016 99332800 99307408 99259936 
1837.932 99198368 99128296 99051824 98969344 98881848 98794024 98715464 
1841.307 98659584 98640480 98668160 98743128 98854192 98978544 99085752 
1844.682 99144704 99132136 99038336 98870624 98651032 98411784 98187736 
1848.058 98009640 97898248 97861864 97896104 97987008 98115096 98260648 
1851.433 98407400 98545176 98669720 98781264 98881464 98970792 99046480 
1854.808 99102056 99128912 99118824 99067240 98975928 98853784 98716272 
1858.183 98582056 98469552 98392080 98355496 98356984 98386864 98431872 
1861.559 98479776 98522312 98557496 98588288 98620376 98658120 98702488 
1864.934 98749632 98792512 98823488 98837944 98835632 98821552 98803328 
1868.309 98788864 98783000 98786968 98798632 98815248 98835736 98862528 
1871.684 98900592 98955608 99029888 99119688 99213288 99293632 99341240 
1875.060 99340824 99286528 99185352 99056688 98929064 98832720 98792496 
1878.435 98820160 98911520 99045824 99191400 99312992 99382032 99383400 
1881.810 99320152 99211752 99088136 98980864 98914768 98902016 98941128 
1885.185 99019056 99117320 99217144 99304544 99372280 99419336 99448864 
1888.561 99466256 99476544 99483920 99490696 99497192 99501680 99500640 
1891.936 99488888 99462008 99416960 99353816 99274576 99181536 99074040 
1895.311 98946728 98789368 98591464 98347488 98063584 97760904 97472880 
1898.686 97238696 97092208 97051992 97115920 97260616 97449368 97641720 
1902.062 97805256 97922832 97994064 98031056 98050824 98067136 98086736 
1905.437 98109080 98129944 98146320 98159856 98176320 98204752 98252112 
1908.812 98320872 98407088 98502136 98594384 98673672 98731760 98764408 
1912.187 98769680 98747608 98699640 98629464 98543712 98452552 98368520 
1915.563 98304488 98269152 98264056 98281272 98304592 98313488 98289584 
1918.938 98222904 98116128 97984016 97849792 97737480 97664736 97638280 
1922.313 97653424 97696840 97753992 97814032 97874328 97939008 98015336 
1925.688 98106656 98209024 98309040 98388168 98427576 98414952 98346920 
1929.063 98228520 98069168 97879048 97665272 97433920 97191648 96948696 
1932.439 96718496 96515728 96350576 96226200 96138400 96081472 96054528 
1935.814 96068280 96143632 96304856 96565496 96916608 97318664 97706704 
1939.189 98004736 98148656 98105096 97881896 97522456 97091000 96651848 
1942.564 96257904 95945136 95738704 95659384 95727336 95957584 96349312 
1945.940 96873672 97469376 98049376 98523920 98827320 98942024 98902256 
1949.315 98778568 98646096 98554968 98509776 98471832 98375320 98157896 
1952.690 97785824 97269912 96660648 96033696 95467216 95024104 94739720 
1956.065 94621944 94654232 94806864 95044720 95337032 95661304 96006328 
1959.441 96368392 96743680 97119504 97463048 97719608 97820936 97704088 
1962.816 97339616 96749184 96011896 95244456 94569872 94084792 93839552 
1966.191 93833408 94030768 94381760 94844520 95391152 96001448 96643432 
1969.566 97260832 97770328 98085800 98147488 97953728 97561656 97067784 
1972.942 96565064 96111536 95714168 95343064 94962768 94567552 94193176 
1976.317 93905800 93763448 93779744 93903984 94042848 94107472 94068800 
1979.692 93979688 93955832 94122168 94557960 95257984 96131856 97029912 
1983.067 97799880 98341352 98640928 98763192 98814520 98883232 99002792 
1986.443 99133336 99181792 99038600 98626232 97929776 97007872 95975784 
1989.818 94978464 94157712 93625792 93447640 93630584 94120024 94808704 
1993.193 95551912 96202584 96650456 96859104 96877224 96820976 96825000 
1996.568 96988280 97329192 97772672 98169880 98355032 98213208 97735320 
1999.944 97025976 96270376 95665288 95357560 95397968 95737944 96251784 
2003.319 96787680 97213352 97453384 97490648 97351592 97076712 96700648 
2006.694 96246224 95734680 95197448 94683872 94248976 93942552 93790256 
2010.069 93792552 93929176 94173352 94501856 94897088 95333872 95767208 
2013.445 96119480 96291192 96185360 95748624 94998640 94036360 93022152 
2016.820 92134400 91514576 91233224 91273976 91550536 91939440 92324360 
2020.195 92629424 92840048 92991168 93140600 93332832 93571720 93811496 
2023.570 93973360 93971320 93752832 93318968 92736848 92118080 91591472 
2026.946 91268168 91218520 91459136 91962120 92669968 93524072 94483280 
2030.321 95536112 96686392 97934568 99244568 100529432 101646616 102429896 
2033.696 102729736 102468976 101667112 100447000 99001080 97552768 96309072 
2037.071 95426120 94987216 94994224 95370800 95979896 96647288 97198800 
2040.447 97496296 97472664 97140464 96583040 95921032 95275624 94736584 
2043.822 94348856 94112896 94004040 93995512 94079568 94274808 94619576 
2047.197 95150088 95878448 96772880 97756632 98721416 99558448 100185736 
2050.572 100568344 100713416 100656832 100441528 100102936 99663992 99139584 
2053.948 98545904 97913320 97289792 96739216 96328840 96114672 96125296 
2057.323 96353000 96750280 97236792 97713072 98082760 98274448 98259920 
2060.698 98059696 97736184 97374376 97063184 96874928 96856256 97023120 
2064.073 97365064 97849504 98429360 99046968 99639088 100139224 100486888 
2067.448 100635656 100564744 100287592 99854056 99342944 98848840 98461640 
2070.824 98249752 98244088 98433672 98767992 99170792 99556960 99853928 
2074.199 100015568 100030744 99917744 99713536 99458464 99185360 98913696 
2077.574 98653872 98412608 98200416 98032136 97923872 97883256 97902912 
2080.949 97956376 98004704 98008200 97942568 97809216 97637192 97473256 
2084.325 97364240 97339048 97399880 97521576 97665824 97797464 97900376 
2087.700 97982200 98067192 98181048 98334072 98511776 98678480 98790344 
2091.075 98814896 98745216 98603696 98431624 98273016 98155856 98084088 
2094.450 98039504 97995632 97934088 97857816 97791712 97773312 97835000 
2097.826 97990352 98225976 98505616 98781480 99008112 99153264 99203808 
2101.201 99163768 99050968 98890784 98712880 98547272 98420736 98351752 
2104.576 98345936 98392336 98466920 98539128 98584584 98595160 98583912 
2107.951 98579920 98616752 98716912 98882200 99090728 99305576 99487728 
2111.327 99611472 99670664 99678480 99656968 99626024 99594168 99557672 
2114.702 99505400 99427408 99320568 99190944 99049200 98904928 98761080 
2118.077 98614464 98459560 98295568 98131688 97986648 97883344 97840792 
2121.452 97864744 97944912 98057456 98172696 98264216 98316944 98329160 
2124.828 98312688 98286560 98273456 98294320 98367120 98502792 98705000 
2128.203 98964248 99258872 99554328 99810784 99993168 100081144 100076424 
2131.578 100003112 99897920 99799184 99731048 99696664 99677448 99642872 
2134.953 99564816 99430352 99247896 99046856 98868024 98754208 98740336 
2138.329 98847104 99074032 99398056 99768672 100113384 100344944 100383936 
2141.704 100182136 99745752 99141608 98485592 97909152 97523264 97383512 
2145.079 97476128 97728648 98040616 98326784 98553528 98747184 98976112 
2148.454 99302992 99740632 100219344 100593392 100683424 100343024 99519768 
2151.830 98289512 96839936 95416088 94249560 93497504 93208232 93323808 
2155.205 93707936 94201152 94669552 95049208 95351832 95650048 96028072 
2158.580 96538696 97167464 97841352 98463952 98966544 99340912 99629504 
2161.955 99894952 100183064 100492544 100774208 100943208 100918664 
2164.848 100657232 100179648 99566256 98931616 98382464 97987616 97755040 
2168.224 97640584 97567440 97458528 97262272 96969808 96611816 96246048 
2171.599 95934472 95727384 95650480 95706016 95873296 96119712 96401560 
2174.974 96671712 96880952 96986656 96960224 96797464 96519944 96174344 
2178.349 95817336 95502560 95265088 95117064 95048904 95037992 95059680 
2181.725 95093792 95123784 95136736 95117208 95050976 94932712 94777888 
2185.100 94629056 94554152 94628064 94909936 95415600 96103464 96875448 
2188.475 97601352 98153688 98449680 98474640 98288552 98002432 97740352 
2191.850 97604608 97647136 97864128 98206600 98600424 98972752 99268448 
2195.226 99462936 99559816 99583776 99568920 99547904 99542896 99564256 
2198.601 99607920 99659832 99702208 99721496 99714048 99691568 99677128 
2201.976 99699264 99778608 99919952 100107112 100307904 100486208 100616712 
2205.351 100694064 100736344 100772976 100828464 100905360 100976200 
2208.244 100987896 100882064 100618000 100197984 99672408 99132456 98684304 
2211.620 98420648 98396752 98617088 99033760 99559968 100088144 100515912 
2214.995 100767328 100807952 100647312 100331864 99928680 99510664 99137656 
2218.370 98847872 98652256 98539560 98484192 98460920 98453752 98462568 
2221.745 98497184 98568496 98675416 98795864 98888536 98903864 98801464 
2225.121 98568920 98228760 97835528 97457272 97153704 96957984 96869472 
2228.496 96859328 96886752 96916080 96930584 96934800 96948368 96991824 
2231.871 97075448 97193184 97328888 97466016 97601032 97747512 97933768 
2235.246 98189640 98531472 98947728 99396656 99812200 100120544 100261240 
2238.622 100205256 99963568 99584632 99140840 98710704 98358776 98122880 
2241.997 98006424 97979968 97992120 97984504 97910048 97748472 97513448 
2245.372 97249672 97019936 96885928 96888752 97036400 97300488 97625064 
2248.747 97942936 98196840 98355064 98419056 98417848 98395744 98393024 
2252.123 98433592 98516704 98618728 98703432 98735000 98690952 98571264 
2255.498 98398960 98216288 98072696 98013272 98066064 98234352 98495464 
2258.873 98805128 99107952 99352360 99503944 99555040 99525808 99457128 
2262.248 99395960 99381360 99431584 99540760 99681432 99814832 99903168 
2265.624 99920960 99859928 99728936 99547728 99340728 99130728 98936736 
2268.999 98774288 98656752 98596328 98603424 98682368 98829232 99028440 
2272.374 99253928 99472576 99651352 99764808 99800896 99763256 99670072 
2275.749 99548624 99428024 99332832 99278008 99266784 99292408 99341344 
2279.125 99398168 99449216 99485296 99501456 99496552 99470704 99424952 
2282.500 99359752 99277240 99181368 99078968 98979544 98892768 98826720 
2285.875 98785808 98769872 98775656 98798928 98836800 98889072 98957920 
2289.250 99045672 99151416 99268664 99384832 99483064 99546448 99563624 
2292.625 99532280 99460944 99366936 99271352 99193040 99143584 99125080 
2296.001 99130744 99149216 99169184 99184520 99195224 99206888 99226432 
2299.376 99257328 99296392 99333048 99351992 99338792 99285480 99194704 
2302.751 99080240 98963800 98868632 98812816 98804256 98838696 98901672 
2306.126 98973208 99034024 99070496 99077976 99060584 99029448 98999200 
2309.502 98983920 98994536 99036584 99109256 99205976 99314968 99421784 
2312.877 99512200 99575296 99606520 99608768 99591592 99568488 99552880 
2316.252 99554104 99575592 99614320 99662896 99712408 99755352 99786640 
2319.627 99804160 99808096 99799552 99780056 99752392 99720496 99690240 
2323.003 99668016 99659240 99665752 99685456 99711968 99736544 99750480 
2326.378 99747344 99724128 99682016 99625088 99559440 99491000 99425368 
2329.753 99367104 99320104 99287296 99269992 99266592 99272336 99279792 
2333.128 99281168 99270936 99248336 99218320 99190056 99174464 99179984 
2336.504 99209016 99256976 99313248 99364184 99397648 99406544 99390504 
2339.879 99356112 99313856 99275056 99248504 99237968 99241616 99253032 
2343.254 99264016 99269312 99269880 99273880 99291272 99324960 99366176 
2346.629 99398624 99409592 99397512 99371328 99344960 99330424 99334072 
2350.005 99355312 99387664 99421240 99446000 99454296 99444056 99418984 
2353.380 99387288 99358696 99341992 99343520 99365368 99404680 99452520 
2356.755 99494848 99516088 99507456 99474896 99438456 99420648 99428280 
2360.130 99445344 99445104 99414728 99364704 99317800 99294528 99303720 
2363.506 99338544 99381384 99414280 99427504 99420968 99401128 99378136 
2366.881 99361688 99358536 99369968 99391488 99415360 99432416 99435824 
2370.256 99421976 99392112 99350880 99305000 99260552 99221752 99190520 
2373.631 99167216 99152280 99147752 99156848 99183584 99229824 99293792 
2377.007 99368472 99442808 99504192 99541816 99549760 99529016 99486376 
2380.382 99433048 99381344 99341912 99321632 99323344 99345840 99385456 
2383.757 99436640 99493320 99549256 99598696 99636400 99658928 99664816 
2387.132 99655880 99636800 99615256 99599448 99596088 99607568 99630408 
2390.508 99654248 99664416 99644992 99583712 99476984 99332032 99167048 
2393.883 99007592 98880848 98809208 98804632 98866024 98979720 99122960 
2397.258 99269680 99396280 99486416 99533928 99542080 99521400 99485520 
2400.633 99449328 99417736 99392712 99370480 99344008 99306352 99254264 
2404.009 99191120 99127432 99078952 99062832 99091160 99166704 99279792 
2407.384 99409744 99530560 99617264 99654520 99639872 99584368 99507632 
2410.759 99430728 99369208 99328968 99306152 99291168 99274408 99251408 
2414.134 99225280 99205112 99201496 99221152 99263408 99318848 99372880 
2417.510 99410488 99421344 99403232 99361376 99305312 99244816 99185520 
2420.885 99128416 99070720 99009520 98944872 98880936 98824912 98783528 
2424.260 98759056 98747680 98740256 98726416 98700016 98664112 98631600 
2427.635 98622656 98658104 98751600 98903224 99097912 99307544 99498400 
2431.010 99639256 99710064 99705896 99637240 99525936 99398976 99281856 
2434.386 99193696 99144568 99135216 99158152 99200328 99245848 99279800 
2437.761 99290848 99273832 99230976 99171176 99107592 99054432 99022952 
2441.136 99019312 99042536 99085848 99138224 99187184 99221464 99232840 
2444.511 99217520 99176624 99115248 99042176 98967384 98899512 98843776 
2447.887 98799968 98762720 98723648 98675520 98616584 98553536 98501192 
2451.262 98478664 98502832 98581048 98707224 98861592 99015648 99141112 
2454.637 99217856 99240264 99217272 99167312 99110336 99059416 99016616 
2458.012 98973400 98915952 98832928 98721600 98591032 98460176 98352280 
2461.388 98288256 98281208 98333728 98438800 98583152 98751056 98927256 
2464.763 99098440 99253040 99380752 99472880 99523376 99530624 99499112 
2468.138 99439800 99368264 99301704 99254696 99235840 99246144 99279880 
2471.513 99326528 99374352 99413336 99437176 99443592 99433912 99411512 
2474.889 99380976 99347208 99315136 99290016 99276760 99279896 99301952 
2478.264 99342376 99396984 99457128 99511248 99546664 99552624 99523256 
2481.639 99459720 99370760 99271704 99180832 99115528 99087312 99099224 
2485.014 99144376 99208304 99272456 99319840 99339624 99330160 99298576 
2488.390 99258072 99223528 99206368 99212200 99239368 99281040 99328536 
2491.765 99374800 99416736 99455872 99496936 99544880 99602352 99667304 
2495.140 99732544 99787784 99821480 99825040 99795520 99737136 99661432 
2498.515 99584312 99522952 99491320 99496504 99537288 99604496 99683832 
2501.891 99759640 99818608 99852408 99857824 99835640 99788720 99720104 
2505.266 99633104 99532512 99425840 99323896 99239536 99183944 99163040 
2508.641 99174432 99208016 99249800 99287848 99317960 99345896 99385072 
2512.016 99449520 99545496 99665328 99786848 99879240 99913936 99876312 
2515.392 99772472 99629184 99485024 99377656 99331224 99349176 99414640 
2518.767 99498032 99568088 99602456 99593400 99547408 99480024 99408632 
2522.142 99346872 99302848 99279936 99279928 99304792 99357008 99436720 
2525.517 99539552 99654016 99762368 99843976 99880056 99858000 99774840 
2528.893 99636664 99457144 99254016 99046104 98850536 98681192 98546760 
2532.268 98450408 98388784 98353712 98333808 98318704 98302736 98287480 
2535.643 98281568 98297768 98348144 98438856 98567112 98721320 98884336 
2539.018 99038992 99172984 99281784 99368632 99441160 99507272 99571088 
2542.394 99631672 99683208 99717448 99726592 99705944 99654136 99573752 
2545.769 99469144 99346160 99211136 99070968 98933488 98807720 98703632 
2549.144 98631608 98601264 98619968 98691208 98813392 98978920 99174816 
2552.519 99383392 99585616 99763504 99903704 99999432 100050640 100062848 
2555.895 100044584 100004664 99950264 99886496 99817008 99745760 99678128 
2559.270 99621568 99584192 99572640 99589280 99629824 99682896 99731224 
2562.645 99755008 99736632 99665480 99541000 99373816 99183696 98994240 
2566.020 98827760 98699856 98616680 98575800 98569384 98589032 98629912 
2569.396 98691752 98776440 98884112 99007656 99131264 99232240 99287128 
2572.771 99280056 99209456 99089888 98948440 98816080 98718464 98668488 
2576.146 98664848 98695736 98745384 98802008 98860704 98923024 98992224 
2579.521 99067896 99142592 99203144 99235688 99232064 99194696 99137432 
2582.896 99080728 99045136 99043400 99077000 99136328 99205048 99266608 
2586.272 99309248 99328856 99328240 99314192 99294896 99276776 99264808 
2589.647 99261952 99269848 99288696 99315576 99345112 99368544 99376512 
2593.022 99361432 99320288 99255624 99174432 99085440 98996104 98910288 
2596.397 98828216 98748304 98669568 98593784 98525592 98470760 98433704 
2599.773 98415432 98412936 98421168 98435664 98455048 98482096 98522872 
2603.148 98583000 98665312 98766360 98877056 98984552 99075496 99139768 
2606.523 99172680 99175976 99156344 99123328 99086912 99055496 99034920 
2609.898 99027456 99032496 99046608 99064352 99079552 99086616 99081632 
2613.274 99063488 99033512 98995048 98952648 98910424 98872072 98840192 
2616.649 98816856 98804264 98804392 98819120 98849448 98894912 98952824 
2620.024 99018920 99087880 99153896 99211944 99257944 99289512 99305360 
2623.399 99305712 99292392 99268464 99238288 99206880 99179096 99158952 
2626.775 99148712 99148752 99157560 99172656 99190376 99207056 99219048 
2630.150 99223360 99217928 99202280 99178088 99149168 99120792 99098560 
2633.525 99086848 99086960 99096920 99111736 99124968 99130992 99126608 
2636.900 99111944 99089456 99062536 99033120 99000848 98962680 98914536 
2640.276 98853328 98779488 98697544 98615856 98544456 98492416 98465496 
2643.651 98464648 98486504 98524272 98570216 98617080 98659040 98691848 
2647.026 98712096 98716952 98704056 98672056 98621888 98557512 98485776 
2650.401 98415584 98355584 98312112 98287008 98277768 98277944 98279856 
2653.777 98276864 98265992 98248600 98229776 98216504 98215024 98228776 
2657.152 98257240 98296320 98339232 98378904 98409416 98427464 98433176 
2660.527 98429336 98420840 98413272 98411656 98419504 98437664 98464424 
2663.902 98495648 98525912 98549992 98563800 98566384 98559408 98547296 
2667.278 98535248 98528440 98530104 98541312 98561456 98588488 98620496 
2670.653 98656384 98695592 98737896 98783024 98829584 98875496 98918296 
2674.028 98955648 98985984 99008928 99024776 99034176 99037920 99036176 
2677.403 99029088 99016584 98999072 98977200 98952248 98925416 98898464 
2680.779 98873440 98852512 98838080 98832352 98836008 98848072 98865280 
2684.154 98882872 98895672 98900312 98896272 98886504 98876784 98873312 
2687.529 98880968 98900824 98930512 98964712 98997904 99026312 99049320 
2690.904 99069264 99089800 99113424 99139376 99163400 99178408 99177080 
2694.280 99153952 99108352 99043968 98968896 98892688 98824520 98771056 
2697.655 98734960 98715120 98707072 98704104 98698888 98685032 98658384 
2701.030 98618088 98567368 98512624 98461872 98422920 98400448 98394592 
2704.405 98400456 98409176 98410656 98396112 98361008 98305856 98235696 
2707.781 98158112 98080352 98007216 97940184 97877376 97815592 97752184 
2711.156 97687072 97623248 97566720 97524624 97504040 97509600 97542912 
2714.531 97601632 97680752 97772816 97870080 97965448 98053608 98131808 
2717.906 98199248 98256960 98306584 98349104 98384384 98410864 98426464 
2721.281 98429640 98420888 98403904 98385160 98372912 98374952 98396176 
2724.657 98436912 98492328 98553920 98611744 98657376 98686184 98698392 
2728.032 98697984 98691112 98683400 98677800 98674640 98671696 98666176 
2731.407 98656032 98641000 98622392 98601856 98580104 98556336 98527992 
2734.782 98491760 98445144 98387296 98319840 98246392 98171248 98098616 
2738.158 98031704 97972456 97922032 97880856 97848888 97825272 97808384 
2741.533 97795640 97784080 97772288 97761056 97754496 97759672 97784656 
2744.908 97835944 97915936 98021296 98142992 98268472 98384696 98481312 
2748.283 98553264 98601344 98630656 98648448 98661384 98673112 98684112 
2751.659 98691608 98691960 98682344 98662088 98633968 98603048 98575776 
2755.034 98557936 98552664 98559288 98573208 98586984 98591928 98580672 
2758.409 98549096 98497264 98429744 98354168 98279720 98215064 98166968 
2761.784 98139360 98133176 98146608 98174992 98211464 98247704 98274512 
2765.160 98283744 98270008 98232024 98173600 98102512 98028576 97961368 
2768.535 97906856 97867080 97839528 97818672 97798688 97775008 97745512 
2771.910 97710328 97670928 97628736 97584640 97539176 97493120 97448144 
2775.285 97407624 97375640 97355808 97350216 97358272 97376816 97401376 
2778.661 97426544 97447792 97462248 97468552 97466696 97457856 97443584 
2782.036 97426512 97409368 97395152 97386040 97382712 97384144 97387104 
2785.411 97387760 97382136 97368208 97345904 97316976 97284112 97249360 
2788.786 97213360 97175288 97133104 97085088 97030408 96969624 96904168 
2792.162 96835504 96764576 96691576 96616400 96539792 96464048 96393312 
2795.537 96332928 96287448 96259064 96246472 96243840 96242416 96231528 
2798.912 96201552 96145800 96061840 95952000 95822520 95682120 95539896 
2802.287 95403376 95277608 95164232 95062664 94971376 94889064 94816560 
2805.663 94756608 94713000 94688776 94684224 94695400 94713600 94727344 
2809.038 94724520 94695472 94635296 94544584 94428304 94294072 94148928 
2812.413 93997256 93840272 93675048 93496928 93300240 93079864 92831808 
2815.788 92553600 92243776 91901464 91526024 91116848 90673048 90193616 
2819.164 89677240 89122632 88528880 87895968 87225376 86520880 85788120 
2822.539 85034600 84268912 83499776 82735544 81983712 81250904 80543616 
2825.914 79868656 79233952 78648800 78123808 77670400 77299592 77021040 
2829.289 76841600 76764472 76788888 76910656 77123328 77419456 77792064 
2832.665 78235024 78742912 79309640 79927096 80583976 81265560 81954664 
2836.040 82633304 83284864 83895984 84456960 84961904 85407760 85793072 
2839.415 86117344 86380560 86583536 86727552 86815128 86849128 86832720 
2842.790 86768712 86659464 86507040 86313248 86079464 85805912 85491136 
2846.166 85130800 84717952 84243312 83696992 83070336 82357672 81557416 
2849.541 80671784 79705984 78666592 77561248 76397800 75185688 73936992 
2852.916 72667416 71396352 70146352 68940528 67801032 66746588 65791548 
2856.291 64945708 64215560 63605860 63120848 62765660 62546072 62467672 
2859.667 62534460 62747244 63102660 63592680 64205184 64925180 65736024 
2863.042 66620268 67560144 68537224 69532440 70525928 71498184 72431792 
2866.417 73313360 74134352 74891776 75585656 76217312 76786232 77289320 
2869.792 77721288 78077392 78356608 78563896 78710376 78811168 78881032 
2873.167 78930040 78960464 78966584 78937104 78859368 78723688 78526208 
2876.543 78269160 77959200 77604520 77212024 76786408 76330664 75847744 
2879.918 75342352 74822040 74296584 73777384 73275280 72799656 72358360 
2883.293 71957888 71604360 71303496 71060512 70878632 70757880 70694608 
2886.668 70681072 70706544 70758784 70825664 70895984 70960168 71010112 
2890.044 71039168 71042616 71018128 70966872 70893824 70807760 70719704 
2893.419 70640664 70579704 70541816 70527560 70533824 70555824 70589680 
2896.794 70634040 70691144 70766160 70865504 70994424 71155464 71347216 
2900.169 71564480 71799640 72043896 72289096 72528248 72756360 72970240 
2903.545 73168736 73352880 73526512 73696440 73872040 74063752 74280632 
2906.920 74528264 74806464 75108760 75423680 75737312 76036672 76312456 
2910.295 76560872 76783056 76983664 77167840 77339296 77498600 77643136 
2913.670 77767880 77866504 77932680 77960320 77943832 77878048 77757904 
2917.046 77578552 77335584 77025144 76643880 76188848 75656704 75043608 
2920.421 74345224 73556832 72674192 71694200 70616000 69441304 68175880 
2923.796 66829392 65416320 63956268 62473480 60996360 59555880 58183724 
2927.171 56910196 55762132 54761228 53922884 53255016 52758196 52425568 
2930.547 52243596 52193348 52252592 52398308 52609064 52866980 53158944 
2933.922 53476256 53813696 54168100 54537316 54920000 55315704 55725808 
2937.297 56153816 56604612 57083332 57593120 58133420 58698412 59277120 
2940.672 59854148 60411148 60928664 61387856 61771348 62064596 62256624 
2944.048 62341016 62316436 62186636 61960188 61648976 61267056 60829216 
2947.423 60350464 59846060 59331480 58822864 58336008 57885212 57481324 
2950.798 57130636 56833968 56587572 56384952 56219080 56084752 55979944 
2954.173 55905756 55866092 55866096 55911680 56008428 56162008 56378416 
2957.549 56663820 57024212 57464688 57988156 58594736 59281348 60042104 
2960.924 60869004 61752832 62683972 63652940 64650444 65667464 66695136 
2964.299 67724856 68748848 69760128 70753240 71724112 72670512 73591848 
2967.674 74488864 75363576 76218808 77057504 77882160 78693896 79491624 
2971.050 80271728 81027904 81751528 82432784 83061744 83630536 84134360 
2974.425 84573048 84950952 85276760 85561848 85818560 86057752 86287184 
2977.800 86510120 86725248 86927216 87108104 87259448 87374320 87448840 
2981.175 87483344 87482472 87454360 87408656 87354408 87297544 87239696 
2984.551 87177736 87105488 87016240 86906304 86777248 86636768 86497832 
2987.926 86375496 86283080 86229160 86215928 86239776 86293648 86370008 
2991.301 86463136 86570432 86691512 86826728 86975216 87134440 87300560 
2994.676 87470000 87641680 87817504 88002048 88201160 88418944 88656168 
2998.052 88909608 89172552 89437032 89696168 89946232 90187152 90422232 
3001.427 90656160 90894008 91138760 91390936 91648240 91906232 92158600 
3004.802 92398880 92621136 92821352 92997896 93151808 93286224 93405272 
3008.177 93513120 93612648 93705352 93791592 93871704 93946688 94019168 
3011.552 94092480 94170376 94255288 94347560 94445288 94544752 94641600 
3014.928 94732112 94814160 94887560 94953896 95015744 95076168 95137992 
3018.303 95203088 95271800 95342104 95409464 95467088 95506976 95522296 
3021.678 95509368 95469504 95408880 95336760 95262528 95191832 95124488 
3025.053 95054360 94971936 94868896 94742360 94597640 94448272 94312136 
3028.429 94206144 94140560 94116120 94123472 94147096 94170264 94181080 
3031.804 94176136 94160656 94145912 94144536 94165328 94210488 94274736 
3035.179 94347936 94418832 94479176 94526392 94564192 94600744 94646056 
3038.554 94707752 94789264 94888216 94996840 95103808 95196440 95263416 
3041.930 95297360 95296144 95264048 95211320 95152424 95103592 95079464 
3045.305 95089544 95136120 95213032 95307216 95401712 95479928 95529800 
3048.680 95546528 95533216 95499624 95458320 95421832 95399088 95394024 
3052.055 95405480 95428568 95456608 95483168 95502960 95513424 95514248 
3055.431 95507456 95496544 95485840 95478856 95477760 95481744 95487648 
3058.806 95490304 95484312 95465992 95435088 95395072 95352760 95315496 
3062.181 95289272 95275768 95271760 95269696 95260032 95234440 95188504 
3065.556 95124104 95048776 94974472 94914728 94881192 94880504 94912936 
3068.932 94972408 95047352 95124056 95189632 95235040 95257048 95258840 
3072.307 95248072 95234800 95228104 95233768 95253392 95284480 95322744 
3075.682 95364112 95406976 95452664 95505208 95569264 95648304 95742568 
3079.057 95849000 95961536 96072944 96176680 96268408 96346856 96413624 
3082.433 96472480 96528064 96584520 96644672 96709176 96776376 96843112 
3085.808 96905064 96958280 97000576 97032680 97058328 97084080 97117544 
3089.183 97165072 97229856 97310088 97399232 97487136 97562768 97617312 
3092.558 97646984 97653976 97645832 97633240 97626208 97631248 97649040 
3095.934 97674408 97698136 97709856 97701800 97671040 97620048 97555808 
3099.309 97487192 97422568 97367440 97324320 97293232 97273104 97263248 
3102.684 97263808 97275184 97297352 97328744 97366128 97405208 97442544 
3106.059 97476472 97507952 97540104 97576696 97620408 97672120 97730248 
3109.435 97791984 97853840 97913040 97966648 98011432 98043072 98056336 
3112.810 98046704 98012696 97958616 97895696 97840440 97811616 97824496 
3116.185 97886568 97994320 98134160 98285712 98427264 98541288 98618760 
3119.560 98659808 98672120 98667064 98655928 98646320 98640536 98636696 
3122.936 98629776 98614552 98587880 98550488 98507104 98465752 98435224 
3126.311 98422312 98429432 98452936 98484104 98511368 98524296 98517344 
3129.686 98491944 98456384 98422832 98402792 98403160 98423808 98457832 
3133.061 98494472 98523416 98538144 98537544 98525672 98508944 98493728 
3136.437 98484576 98483792 98492608 98512384 98545480 98594288 98659824 
3139.812 98739832 98828016 98914832 98989776 99044336 99074792 99082728 
3143.187 99074744 99060192 99048416 99046856 99059312 99085576 99122224 
3146.562 99162632 99198552 99220952 99222056 99197064 99145952 99074608 
3149.938 98994136 98919056 98864288 98841408 98856328 98907512 98986224 
3153.313 99078448 99167584 99237368 99274784 99272072 99228112 99148376 
3156.688 99043896 98928632 98816656 98719104 98642232 98587008 98550800 
3160.063 98529408 98519832 98521680 98536960 98567800 98614680 98674304 
3163.438 98740120 98803952 98859232 98902880 98936200 98962656 98985192 
3166.814 99002840 99010104 98998496 98960672 98895176 98809608 98719928 
3170.189 98646976 98610208 98621376 98680376 98775120 98884680 98985440 
3173.564 99057256 99088536 99078216 99034520 98971736 98905840 98850544 
3176.939 98814784 98801384 98807480 98826464 98849840 98869736 98880872 
3180.315 98881096 98871624 98855280 98835264 98813808 98791568 98768632 
3183.690 98745800 98725536 98713016 98714344 98735512 98779256 98843968 
3187.065 98922912 99006096 99081816 99140040 99173768 99180376 99161176 
3190.440 99120768 99065960 99004856 98945752 98895728 98859664 98839152 
3193.816 98832136 98833600 98837616 98840072 98839800 98840312 98846928 
3197.191 98865048 98896424 98937160 98978176 99007864 99015736 98996440 
3200.566 98951248 98887848 98817776 98752944 98702872 98673600 98667976 
3203.941 98686792 98729792 98795872 98881984 98982688 99089048 99190808 
3207.317 99277560 99342032 99381760 99399216 99399824 99389648 99372248 
3210.692 99348128 99314576 99268032 99206440 99131488 99048904 98967376 
3214.067 98896808 98846400 98822672 98828848 98864448 98925864 99006312 
3217.442 99096336 99184976 99260704 99313280 99335904 99326224 99287464 
3220.818 99227544 99158104 99091720 99040520 99013608 99016344 99049008 
3224.193 99106744 99180432 99257760 99325264 99371248 99388088 99373800 
3227.568 99333048 99275296 99213160 99159008 99122832 99110456 99122960 
3230.943 99156528 99204144 99256240 99302968 99335712 99349488 99344208 
3234.319 99325152 99302304 99287168 99289200 99312504 99353872 99403376 
3237.694 99448360 99477632 99486000 99475752 99455288 99434824 99421488 
3241.069 99415616 99410752 99396456 99363920 99310464 99241720 99170728 
3244.444 99112664 99079152 99073552 99089928 99115320 99135000 99137608 
3247.820 99118840 99082304 99036136 98989776 98950320 98920952 98901328 
3251.195 98890704 98889856 98902440 98933752 98988584 99068520 99169664 
3254.570 99282272 99393344 99489000 99558264 99595008 99599064 99575016 
3257.945 99530504 99473360 99410104 99344832 99279400 99213720 99147808 
3261.321 99082680 99021240 98968584 98930624 98913072 98919312 98948816 
3264.696 98996936 99055088 99113224 99161304 99192288 99203304 99195424 
3268.071 99172848 99141696 99107560 99076096 99051112 99036392 99034968 
3271.446 99049344 99080696 99128248 99188736 99256896 99326624 99392792 
3274.822 99452128 99504296 99550584 99593056 99632000 99665848 99690456 
3278.197 99701680 99696744 99676480 99645816 99612688 99585824 99571992 
3281.572 99574024 99590144 99615360 99643776 99671104 99696960 99724352 
3284.947 99758872 99805840 99867528 99941072 100018056 100085216 100127472 
3288.323 100131536 100089144 100000152 99872944 99723232 99571192 99436136 
3291.698 99333112 99268952 99241664 99241224 99253736 99265808 99268720 
3295.073 99260040 99243928 99227608 99218520 99220376 99232672 99250928 
3298.448 99269800 99285192 99296608 99306448 99318256 99334072 99352448 
3301.823 99368928 99377720 99374592 99360048 99339336 99321952 99317664 
3305.199 99333744 99372392 99430720 99502392 99580528 99659360 99735896 
3308.574 99807800 99872496 99925144 99959424 99969192 99951560 99909360 
3311.949 99851520 99790184 99737424 99699824 99676448 99658512 99633240 
3315.324 99589016 99520776 99433112 99339280 99257672 99205984 99194968 
3318.700 99225872 99289112 99368224 99443984 99499984 99526600 99522744 
3322.075 99494384 99451888 99405800 99364344 99331264 99306856 99289936 
3325.450 99280376 99280904 99297672 99337928 99407304 99505680 99625288 
3328.825 99750840 99862408 99940880 99973448 99957576 99902136 99824984 
3332.201 99747904 99690448 99665056 99674896 99713688 99768464 99823816 
3335.576 99865424 99882800 99871416 99832968 99774264 99706312 99641168 
3338.951 99589904 99559528 99551480 99560864 99578688 99594288 99599720 
3342.326 99591936 99574104 99552952 99536272 99528216 99527480 99527216 
3345.702 99518112 99491592 99444056 99377552 99298920 99216808 99138336 
3349.077 99067608 99006176 98955032 98917240 98899256 98909576 98955200 
3352.452 99037984 99151000 99278952 99400592 99494816 99546344 99550328 
3355.827 99513040 99449776 99379696 99320048 99282128 99269488 99278760 
3359.203 99302704 99333488 99366184 99399688 99437320 99484912 99548616 
3362.578 99631656 99732768 99844896 99955872 100050944 100115800 100140560 
3365.953 100122744 100068024 99989496 99903832 99827528 99772312 99743048 
3369.328 99736880 99745312 99757184 99762904 99757064 99740312 99718168 
3372.704 99699672 99692768 99702024 99725920 99756496 99780720 99785368 
3376.079 99759904 99701984 99617704 99522096 99433680 99370176 99343144 
3379.454 99354520 99397048 99457064 99519664 99573312 99612456 99638368 
3382.829 99655976 99670704 99685696 99700184 99711048 99715048 99710568 
3386.205 99699216 99684456 99670408 99659456 99652136 99647008 99643240 
3389.580 99641128 99643424 99653408 99673544 99702904 99737440 99770832 
3392.955 99798192 99817840 99833928 99854288 99887824 99939688 100008216 
3396.330 100083304 100149304 100188912 100188784 100143536 100058048 
3399.223 99944952 99822424 99708512 99617856 99558584 99531960 99532648 
3402.599 99550744 99574160 99591408 99594176 99579592 99550272 99514648 
3405.974 99483616 99467672 99473376 99501192 99544864 99593992 99636808 
3409.349 99664312 99672496 99663256 99642808 99618928 99598400 99585208 
3412.724 99580032 99581168 99586120 99592192 99597536 99601400 99602960 
3416.100 99601624 99596632 99587640 99575128 99560152 99544512 99530408 
3419.475 99519448 99513296 99513520 99521720 99539808 99569048 99609440 
3422.850 99659024 99712912 99764576 99806952 99834480 99845056 99840536 
3426.225 99826056 99808720 99794648 99788192 99789992 99798792 99811512 
3429.601 99825880 99840968 99857696 99877640 99901872 99929200 99956200 
3432.976 99976744 99984368 99973672 99942896 99894784 99836608 99778608 
3436.351 99732080 99706056 99705648 99731208 99778112 99838944 99904976 
3439.726 99968488 100023568 100066136 100093288 100103032 100093120 
3442.619 100062160 100010720 99941616 99861376 99778680 99702888 99641144 
3445.995 99597288 99570232 99555520 99547120 99540208 99532800 99526968 
3449.370 99527448 99540288 99569912 99618040 99682672 99758736 99839040 
3452.745 99916256 99983592 100036152 100071104 100088104 100088336 100074624 
3456.120 100050480 100018752 99981408 99939608 99893992 99846528 99801288 
3459.496 99764896 99745224 99748928 99778472 99829520 99891392 99949456 
3462.871 99989432 100003016 99990968 99963112 99935520 99923776 99937376 
3466.246 99976120 100029544 100081408 100115040 100119904 100094416 
3469.139 100046328 99988272 99933912 99892176 99866024 99851744 99842784 
3472.514 99831728 99814024 99788440 99757744 99726648 99700840 99686032 
3475.890 99686416 99704136 99738456 99784600 99834616 99877944 99904152 
3479.265 99906064 99882736 99840016 99789824 99746112 99721024 99720976 
3482.640 99744384 99782336 99821368 99847680 99850528 99825016 99773104 
3486.015 99701904 99622880 99548832 99491600 99460176 99458216 99482936 
3489.391 99525616 99572528 99609000 99623528 99611840 99578240 99535160 
3492.766 99498368 99482184 99493984 99532112 99586472 99642632 99686776 
3496.141 99710200 99711328 99694488 99666952 99635224 99602976 99570824 
3499.516 99537520 99502872 99468792 99439808 99420944 99416768 99428768 
3502.892 99455440 99493120 99537536 99584960 99633376 99680488 99724560 
3506.267 99762328 99789280 99800920 99793968 99767592 99723960 99668088 
3509.642 99606448 99545360 99490872 99446888 99415544 99396896 99388784 
3513.017 99386824 99385680 99379776 99365496 99341896 99311080 99277368 
3516.393 99244976 99215904 99189376 99162000 99130808 99095672 99061728 
3519.768 99038744 99038880 99071488 99139848 99238392 99354320 99470584 
3523.143 99571840 99648040 99696888 99722520 99732744 99734792 99733448 
3526.518 99729272 99720560 99704088 99677568 99639632 99590376 99531008 
3529.894 99464880 99397184 99336136 99291328 99271344 99280408 99315040 
3533.269 99363368 99407864 99430336 99419360 99374512 99308472 99242440 
3536.644 99199680 99196584 99238400 99317696 99418480 99522648 99617072 
3540.019 99696384 99762904 99822448 99879448 99933008 99977008 100001784 
3543.395 99999568 99967480 99909312 99834896 99757200 99688656 99640032 
3546.770 99618528 99629328 99673872 99750760 99853104 99968568 100079688 
3550.145 100166440 100211568 100205296 100149304 100056624 99947704 99845048 
3553.520 99765952 99718640 99701176 99704512 99716496 99726664 99728824 
3556.896 99721792 99706672 99685648 99658952 99625600 99583504 99531904 
3560.271 99471896 99407008 99342312 99282960 99232584 99193136 99164928 
3563.646 99147672 99140808 99143672 99154896 99171528 99188776 99200432 
3567.021 99200008 99183472 99149968 99103952 99053768 99011216 98987544 
3570.396 98991240 99025184 99086312 99165816 99252528 99335064 99405600 
3573.772 99460800 99502288 99534864 99564808 99596624 99632328 99669536 
3577.147 99703520 99726552 99731096 99710560 99661648 99585712 99489400 
3580.522 99384904 99288440 99216384 99181608 99188704 99231752 99293968 
3583.897 99351712 99380368 99362104 99291224 99176984 99040928 98911144 
3587.273 98814208 98768248 98778864 98839544 98934944 99047536 99161456 
3590.648 99265520 99353688 99422752 99471008 99498408 99506424 99500456 
3594.023 99489360 99484920 99497856 99535264 99596704 99674640 99755456 
3597.398 99824416 99868984 99882648 99865536 99823800 99766416 99703528 
3600.774 99643248 99591808 99552416 99525952 99511104 99504736 99502536 
3604.149 99499944 99493144 99480552 99462480 99441224 99418880 99396496 
3607.524 99372960 99345648 99311696 99270904 99225048 99179224 99138184 
3610.899 99104672 99076584 99047864 99010360 98958136 98891240 98817680 
3614.275 98751632 98709640 98704792 98742968 98820264 98925384 99042304 
3617.650 99155880 99254160 99330840 99383984 99413704 99419712 99401256 
3621.025 99357240 99288992 99201600 99104376 99009496 98929664 98875272 
3624.400 98853520 98866832 98913768 98989632 99086800 99195584 99303888 
3627.776 99399288 99471512 99515856 99535600 99540776 99545600 99564128 
3631.151 99607728 99680992 99779840 99890936 99994840 100070312 100100752 
3634.526 100077984 100004384 99891352 99756624 99618944 99494024 99391128 
3637.901 99312208 99252920 99204960 99159616 99112072 99062768 99019016 
3641.277 98991832 98993376 99031320 99105272 99204976 99312416 99406168 
3644.652 99468024 99489152 99473256 99435464 99398208 99383176 99404176 
3648.027 99461296 99540264 99615544 99659264 99649360 99578000 99454408 
3651.402 99302824 99155496 99045096 98996336 99020640 99113696 99257456 
3654.778 99424792 99586312 99716824 99800744 99833840 99821080 99772856 
3658.153 99701080 99615424 99522848 99427568 99333120 99243856 99165952 
3661.528 99106560 99071776 99064160 99082600 99121520 99174184 99234192 
3664.903 99298584 99367392 99442408 99524256 99609928 99692208 99761136 
3668.279 99807296 99826360 99821224 99801960 99782008 99772584 99776752 
3671.654 99788248 99794536 99782848 99745664 99684440 99609000 99534896 
3675.029 99479080 99454240 99464616 99502928 99551480 99590232 99603360 
3678.404 99582856 99527864 99443208 99336016 99215552 99092856 98979824 
3681.780 98888512 98828560 98803840 98810368 98835512 98862064 98872696 
3685.155 98857448 98817008 98764088 98718480 98700872 98724592 98791472 
3688.530 98891120 99004376 99109664 99189944 99236336 99249008 99234032 
3691.905 99199464 99151400 99094184 99030744 98965360 98904816 98857656 
3695.281 98832072 98833096 98860400 98908504 98968392 99031152 99089840 
3698.656 99141328 99184912 99220584 99246728 99260048 99256304 99232904 
3702.031 99190904 99136256 99078664 99029000 98996496 98986416 98998232 
3705.406 99026640 99063008 99098024 99123808 99136336 99136176 99129224 
3708.781 99124784 99134632 99168240 99230848 99319568 99422680 99521176 
3712.157 99592840 99618128 99586712 99500888 99376528 99238096 99112984 
3715.532 99023776 98983312 98992864 99043776 99121232 99209384 99295208 
3718.907 99370864 99433048 99481976 99517688 99539320 99544328 99529472 
3722.282 99492536 99434736 99361544 99283064 99212288 99162112 99141576 
3725.658 99153160 99190344 99239120 99281352 99299648 99282608 99229048 
3729.033 99147568 99053592 98963272 98888000 98830816 98787416 98749400 
3732.408 98711240 98673192 98644712 98640056 98673592 98752608 98872672 
3735.783 99016440 99157616 99267368 99324592 99321744 99268440 99187240 
3739.159 99106432 99050864 99035040 99060368 99116520 99186160 99250712 
3742.534 99296048 99315472 99311104 99292512 99274784 99271864 99290048 
3745.909 99324336 99361736 99388136 99391880 99367864 99316984 99246720 
3749.284 99168848 99097176 99043384 99013688 99007456 99018856 99039000 
3752.660 99059664 99076120 99088080 99099552 99116960 99146312 99191216 
3756.035 99250624 99319600 99390232 99454888 99508256 99549312 99581120 
3759.410 99609088 99637928 99668608 99696856 99713504 99707568 99670760 
3762.785 99601640 99507560 99403064 99305904 99231136 99185920 99166936 
3766.161 99161040 99150312 99119624 99062296 98983944 98900440 98832496 
3769.536 98798848 98809760 98863536 98947544 99042768 99130024 99195384 
3772.911 99232704 99242968 99231912 99206936 99175344 99143864 99119256 
3776.286 99108952 99120832 99161136 99233016 99333440 99453712 99579984 
3779.662 99696976 99790624 99852008 99878192 99872288 99842128 99797064 
3783.037 99746528 99698704 99659568 99633864 99624200 99630920 99650728 
3786.412 99677328 99700256 99708496 99692256 99647128 99576032 99490024 
3789.787 99406024 99343264 99317280 99335232 99392560 99473608 99554288 
3793.163 99609424 99618120 99570656 99470048 99331680 99178056 99033800 
3796.538 98918984 98845168 98814408 98820688 98853664 98902920 98959200 
3799.913 99016552 99070648 99119640 99163312 99203312 99240680 99275904 
3803.288 99307432 99333336 99350704 99356216 99345936 99316736 99268928 
3806.664 99208032 99144040 99089136 99053216 99040944 99050584 99076376 
3810.039 99110760 99146864 99180192 99208616 99231472 99248208 99257048 
3813.414 99255832 99243936 99224104 99204360 99197456 99217592 99275248 
3816.789 99371336 99494704 99624376 99736040 99808448 99829552 99797896 
3820.165 99723104 99622608 99517728 99427320 99363536 99328400 99316496 
3823.540 99318504 99324744 99326928 99319144 99297640 99262072 99215216 
3826.915 99163584 99116504 99084600 99077376 99101352 99158264 99244304 
3830.290 99350424 99464776 99574160 99667704 99737752 99781152 99798760 
3833.666 99794616 99774760 99746200 99715928 99690544 99675240 99673480 
3837.041 99685672 99708968 99736080 99756648 99758952 99732496 99671720 
3840.416 99578928 99464160 99344144 99238928 99166664 99139232 99160128 
3843.791 99223888 99318176 99427480 99536728 99633008 99707376 99753176 
3847.167 99766288 99744784 99689528 99606272 99506360 99405128 99319464 
3850.542 99262520 99238760 99241760 99255576 99260192 99239848 99190592 
3853.917 99122464 99054520 99007016 98994920 99024672 99092704 99187192 
3857.292 99291376 99387632 99462008 99505248 99513696 99487576 99430176 
3860.667 99347808 99249800 99149816 99064104 99009072 98997576 99034512 
3864.043 99114048 99221384 99335224 99433864 99501352 99531096 99527248 
3867.418 99501728 99468928 99440808 99423696 99417480 99418032 99419808 
3870.793 99416680 99404752 99381984 99349624 99310128 99265920 99217432 
3874.168 99164016 99103832 99035984 98960912 98882088 98806192 98742240 
3877.544 98699744 98686144 98704672 98753520 98825632 98910896 98997736 
3880.919 99075952 99137752 99179048 99199464 99202488 99194584 99184120 
3884.294 99179952 99190664 99223152 99281008 99362720 99460112 99559584 
3887.669 99645552 99704392 99727856 99714800 99670120 99602840 99523800 
3891.045 99443280 99369672 99308648 99263848 99237472 99230616 99243072 
3894.420 99271464 99309256 99346936 99373856 99382064 99369088 99338888 
3897.795 99300672 99265184 99240304 99227608 99221264 99211216 99186768 
3901.170 99141920 99078480 99005984 98939144 98892336 98875768 98892880 
3904.546 98940312 99010128 99093464 99182712 99273208 99362168 99446640 
3907.921 99522544 99584264 99626248 99645128 99641544 99620264 99589096 
3911.296 99555464 99524424 99496496 99468400 99435272 99392992 99341056 
3914.671 99283096 99225632 99176832 99143576 99130320 99138672 99167968 
3918.047 99216480 99281736 99361048 99450064 99542288 99629264 99701064 
3921.422 99748464 99765192 99749872 99705488 99638696 99557264 99467696 
3924.797 99374464 99280416 99187840 99100216 99022624 98961160 98921024 
3928.172 98903888 98905952 98918816 98931288 98933416 98919608 98890712 
3931.548 98853496 98818032 98794040 98787560 98800464 98830424 98873808 
3934.923 98927704 98991328 99064952 99148120 99237656 99326232 99403888 
3938.298 99460208 99488304 99486744 99459984 99416272 99364704 99311904 
3941.673 99260560 99210024 99159224 99108736 99062584 99027752 99010824 
3945.049 99015120 99038008 99070568 99100560 99116672 99113176 99093856 
3948.424 99070832 99060944 99079824 99136112 99226968 99338896 99450112 
3951.799 99537888 99584744 99584160 99541688 99473000 99398264 99335248 
3955.174 99293744 99272528 99260408 99240512 99196896 99120424 99013480 
3958.550 98889016 98768296 98674056 98624352 98627712 98681264 98772072 
3961.925 98881272 98989240 99079488 99142088 99173624 99176376 99156024 
3965.300 99120000 99076384 99032856 98997024 98975016 98971376 98988824 
3968.675 99027232 99084384 99157024 99241600 99334632 99432496 99531088 
3972.051 99624424 99704816 99763528 99792576 99786960 99746528 99675872 
3975.426 99583920 99481896 99380496 99288896 99213704 99159296 99128584 
3978.801 99123048 99143184 99186832 99249064 99321712 99394464 99456912 
3982.176 99500296 99519976 99516496 99494944 99463480 99431360 99407320 
3985.552 99397232 99403448 99425088 99457584 99494088 99526936 99549328 
3988.927 99556792 99548696 99528744 99503152 99478984 99461752 99453312 
3992.302 99451312 99450488 99444472 99428416 99401288 99365600 99327160 
3995.677 99293120 99269112 99258600 99261808 99276520 99298496 99323104 
3999.052 99344976 99359408 99362088 99350288 
##END=
