##TITLE= PQQ IV Ester
##JCAMP-DX= 4.24
##DATA TYPE= INFRARED SPECTRUM
##ORIGIN= JASCO
##OWNER= 
##DATE= 18/10/05
##TIME= 11:22:05
##SPECTROMETER/DATA SYSTEM= 
##RESOLUTION= 
##DELTAX=   0.48211674
##XUNITS= 1/CM
##YUNITS= TRANSMITTANCE
##XFACTOR= 1.00000
##YFACTOR= 0.0001
##FIRSTX=   649.8934
##LASTX=  4000.1226
##NPOINTS=     6950
##FIRSTY=      0.93655
##MAXY=      1.04549
##MINY=      0.44041
##XYDATA= (X++(Y..Y))
649.8934 9365 9292 9288 9324 9351 9336 9269 9163 9045 8940 8874 8867 8921 9014
656.6430 9102 9137 9111 9075 9113 9282 9563 9861 10061 10086 9940 9693 9426
662.9105 9167 8875 8484 7973 7390 6807 6276 5822 5470 5310 5599 6812 8922
669.1780 10386 10455 9907 9308 8814 8421 8083 7751 7403 7063 6780 6601 6542
675.4456 6579 6663 6745 6800 6841 6904 7022 7201 7412 7605 7738 7792 7782 7738
682.1952 7692 7667 7665 7679 7699 7715 7716 7691 7633 7546 7446 7356 7298 7279
688.9448 7299 7352 7432 7534 7645 7743 7808 7834 7829 7813 7808 7830 7860 7866
695.6945 7836 7793 7779 7824 7928 8062 8189 8287 8355 8406 8446 8467 8456 8412
702.4441 8355 8315 8310 8339 8374 8383 8353 8299 8262 8284 8384 8547 8726 8866
709.1937 8935 8930 8878 8811 8756 8728 8724 8734 8740 8719 8653 8534 8373 8181
715.9434 8014 7876 7768 7676 7586 7490 7392 7300 7218 7141 7057 6956 6837 6701
722.6930 6559 6418 6296 6214 6191 6244 6367 6537 6715 6862 6951 6979 6957 6907
729.4426 6850 6809 6803 6845 6932 7048 7175 7304 7439 7596 7792 8026 8281 8530
736.1923 8748 8924 9058 9156 9219 9244 9228 9174 9093 9002 8924 8874 8861 8878
742.9419 8903 8910 8880 8806 8701 8590 8499 8446 8438 8467 8513 8548 8540 8467
749.6915 8332 8160 7990 7856 7774 7736 7714 7673 7588 7448 7262 7048 6824 6607
756.4412 6406 6222 6051 5885 5725 5584 5488 5461 5515 5636 5785 5918 6004 6044
763.1908 6061 6091 6158 6259 6374 6473 6543 6593 6651 6742 6877 7038 7193 7314
769.9404 7395 7460 7546 7686 7890 8143 8414 8671 8890 9065 9202 9312 9409 9503
776.6901 9597 9685 9756 9796 9793 9750 9682 9615 9575 9576 9616 9678 9735 9767
783.4397 9765 9736 9690 9634 9567 9486 9397 9317 9263 9246 9257 9278 9288 9280
790.1893 9257 9224 9182 9119 9019 8878 8712 8552 8438 8399 8441 8550 8691 8826
796.9390 8924 8973 8983 8975 8971 8980 9000 9021 9035 9039 9038 9043 9065 9113
803.6886 9187 9276 9361 9418 9432 9403 9347 9290 9260 9268 9310 9365 9410 9433
810.4382 9435 9433 9442 9470 9509 9544 9560 9551 9525 9498 9483 9486 9499 9506
817.1879 9490 9441 9357 9252 9146 9061 9015 9016 9060 9132 9212 9277 9312 9308
823.9375 9269 9209 9146 9093 9052 9014 8960 8876 8763 8631 8493 8352 8194 7996
830.6871 7743 7437 7105 6785 6518 6336 6257 6280 6393 6571 6788 7027 7281 7556
837.4368 7859 8183 8502 8776 8969 9074 9108 9102 9083 9060 9036 9011 8989 8978
844.1864 8983 8998 9011 9006 8980 8937 8894 8865 8861 8879 8911 8945 8975 9001
850.9360 9027 9053 9073 9073 9042 8974 8882 8786 8708 8668 8670 8712 8782 8859
857.6857 8922 8953 8942 8894 8823 8743 8662 8578 8485 8378 8254 8111 7947 7764
864.4353 7565 7362 7176 7025 6924 6878 6886 6944 7053 7215 7430 7689 7975 8265
871.1849 8537 8775 8973 9134 9265 9372 9461 9534 9595 9645 9691 9741 9801 9873
877.9346 9951 10020 10063 10068 10036 9979 9915 9863 9828 9812 9809 9813 9820
884.2021 9827 9824 9805 9760 9690 9604 9522 9466 9452 9482 9540 9602 9645 9656
890.9517 9640 9612 9585 9565 9546 9521 9485 9438 9382 9324 9266 9212 9166 9130
897.7014 9107 9091 9074 9051 9018 8983 8953 8935 8927 8924 8920 8910 8898 8888
904.4510 8885 8892 8912 8945 8993 9054 9127 9206 9287 9368 9444 9510 9560 9587
911.2006 9589 9573 9551 9538 9543 9570 9611 9654 9686 9699 9692 9670 9642 9617
917.9503 9601 9594 9594 9599 9606 9612 9615 9611 9601 9585 9567 9546 9524 9498
924.6999 9469 9441 9418 9405 9398 9393 9384 9366 9342 9314 9281 9239 9186 9122
931.4495 9053 8990 8938 8894 8850 8797 8731 8659 8585 8513 8438 8356 8270 8195
938.1992 8156 8172 8250 8375 8522 8662 8781 8875 8953 9024 9094 9161 9222 9275
944.9488 9320 9359 9389 9408 9412 9403 9387 9369 9357 9350 9342 9324 9290 9242
951.6984 9190 9146 9123 9126 9149 9180 9205 9216 9211 9198 9186 9182 9184 9186
958.4481 9179 9159 9129 9099 9075 9060 9050 9039 9020 8994 8963 8933 8906 8880
965.1977 8856 8834 8812 8789 8758 8714 8656 8593 8536 8500 8490 8500 8519 8538
971.9473 8556 8579 8617 8670 8735 8796 8841 8862 8860 8848 8839 8846 8876 8922
978.6970 8970 9001 9000 8960 8890 8808 8738 8697 8690 8712 8751 8789 8812 8810
985.4466 8784 8739 8685 8631 8578 8525 8464 8391 8307 8220 8138 8067 8010 7961
992.1962 7916 7874 7837 7813 7803 7807 7821 7840 7861 7886 7920 7963 8016 8075
998.9459 8139 8208 8282 8357 8428 8487 8529 8556 8572 8584 8596 8609 8621 8627
1005.6955 8625 8613 8590 8554 8502 8435 8354 8267 8180 8102 8037 7986 7946
1011.9630 7909 7863 7802 7721 7622 7510 7392 7272 7156 7048 6951 6869 6804
1018.2305 6756 6722 6699 6683 6673 6671 6680 6705 6753 6826 6926 7050 7190
1024.4980 7336 7477 7608 7723 7825 7916 7996 8064 8116 8151 8172 8184 8194
1030.7656 8205 8222 8251 8297 8367 8461 8574 8693 8806 8903 8985 9054 9118
1037.0331 9179 9239 9295 9348 9400 9453 9508 9563 9612 9648 9668 9672 9666
1043.3007 9657 9658 9676 9713 9766 9821 9866 9890 9891 9874 9847 9820 9797
1049.5681 9779 9766 9758 9757 9767 9787 9817 9854 9896 9938 9975 10003 10016
1055.8357 10014 9998 9973 9945 9915 9885 9855 9823 9791 9763 9744 9742 9761
1062.1031 9802 9856 9913 9958 9981 9979 9960 9933 9905 9879 9854 9825 9791
1068.3707 9755 9725 9707 9704 9714 9726 9731 9718 9685 9639 9590 9550 9532
1074.6382 9539 9569 9613 9658 9693 9710 9703 9674 9624 9559 9486 9411 9345
1080.9058 9296 9266 9255 9254 9253 9245 9225 9197 9165 9132 9095 9054 9004
1087.1732 8942 8871 8791 8706 8620 8538 8468 8414 8377 8351 8332 8317 8311
1093.4408 8325 8364 8425 8491 8543 8568 8564 8548 8540 8558 8609 8685 8773
1099.7083 8857 8929 8984 9026 9062 9097 9130 9160 9180 9186 9176 9157 9135
1105.9758 9120 9114 9113 9109 9096 9071 9036 8997 8954 8911 8868 8830 8803
1112.2433 8795 8804 8824 8841 8842 8823 8793 8762 8739 8727 8718 8704 8682
1118.5109 8657 8637 8631 8642 8667 8695 8716 8721 8710 8688 8661 8637 8619
1124.7783 8607 8597 8588 8579 8572 8566 8562 8555 8545 8530 8514 8499 8482
1131.0459 8459 8426 8382 8333 8285 8246 8217 8193 8169 8138 8094 8038 7969
1137.3134 7892 7810 7727 7644 7562 7485 7413 7353 7309 7283 7272 7271 7274
1143.5809 7279 7285 7293 7299 7299 7283 7248 7197 7136 7072 7009 6944 6873
1149.8484 6796 6716 6640 6574 6520 6474 6431 6383 6329 6268 6199 6125 6049
1156.1160 5972 5896 5823 5751 5678 5605 5539 5485 5450 5432 5426 5424 5423
1162.3834 5426 5445 5494 5581 5703 5851 6008 6162 6306 6440 6566 6686 6802
1168.6510 6908 7002 7080 7143 7192 7232 7264 7288 7302 7305 7296 7280 7260
1174.9185 7239 7218 7194 7164 7128 7088 7051 7024 7010 7011 7022 7039 7056
1181.1860 7068 7070 7060 7035 6995 6940 6876 6808 6742 6685 6639 6605 6578
1187.4535 6553 6525 6492 6454 6414 6374 6338 6307 6281 6262 6246 6231 6212
1193.7211 6186 6151 6107 6056 5998 5934 5864 5790 5711 5629 5547 5464 5381
1199.9885 5298 5221 5153 5100 5064 5047 5045 5052 5063 5073 5081 5085 5083
1206.2561 5073 5052 5019 4977 4932 4890 4853 4820 4790 4757 4721 4681 4638
1212.5236 4593 4547 4504 4464 4432 4411 4404 4414 4441 4483 4537 4598 4661
1218.7911 4722 4778 4829 4875 4916 4952 4985 5015 5045 5074 5099 5118 5130
1225.0586 5136 5136 5131 5121 5104 5079 5049 5015 4983 4954 4927 4901 4875
1231.3262 4850 4830 4817 4811 4812 4818 4829 4847 4874 4913 4959 5008 5055
1237.5936 5092 5120 5140 5154 5166 5179 5195 5216 5245 5283 5333 5396 5472
1243.8612 5557 5648 5741 5834 5927 6020 6113 6204 6292 6374 6448 6515 6577
1250.1287 6634 6689 6742 6792 6838 6878 6912 6941 6968 6998 7033 7074 7121
1256.3962 7174 7233 7297 7367 7439 7510 7579 7644 7705 7764 7821 7875 7927
1262.6637 7976 8023 8065 8102 8130 8147 8153 8153 8149 8145 8142 8137 8126
1268.9313 8106 8076 8038 7995 7951 7905 7857 7805 7748 7684 7616 7544 7471
1275.1987 7400 7330 7263 7196 7126 7050 6967 6880 6791 6706 6626 6550 6476
1281.4663 6402 6326 6250 6174 6099 6026 5955 5887 5823 5768 5722 5689 5668
1287.7338 5658 5655 5657 5663 5673 5688 5708 5732 5759 5788 5820 5857 5902
1294.0013 5956 6023 6104 6198 6305 6424 6555 6698 6852 7016 7187 7358 7524
1300.2688 7679 7819 7945 8057 8154 8238 8310 8370 8422 8467 8504 8532 8551
1306.5364 8562 8570 8579 8592 8607 8622 8633 8637 8635 8629 8620 8610 8600
1312.8038 8591 8584 8580 8579 8576 8569 8557 8544 8532 8526 8527 8533 8542
1319.0714 8551 8558 8565 8573 8582 8591 8601 8611 8621 8631 8638 8641 8639
1325.3389 8632 8625 8619 8617 8619 8620 8618 8611 8600 8587 8575 8565 8559
1331.6064 8553 8544 8531 8511 8487 8458 8427 8391 8354 8314 8275 8239 8206
1337.8739 8176 8145 8110 8068 8019 7964 7907 7848 7786 7721 7650 7575 7497
1344.1415 7419 7340 7260 7178 7094 7009 6925 6845 6770 6701 6637 6573 6508
1350.4089 6440 6371 6306 6249 6206 6179 6167 6173 6195 6236 6295 6372 6466
1356.6765 6576 6700 6834 6974 7114 7253 7387 7516 7638 7749 7848 7935 8013
1362.9440 8082 8141 8187 8219 8237 8245 8246 8247 8249 8256 8263 8269 8270
1369.2115 8268 8265 8266 8273 8285 8301 8317 8331 8340 8348 8355 8366 8384
1375.4790 8407 8435 8464 8490 8511 8524 8529 8528 8526 8523 8522 8517 8508
1381.7466 8492 8471 8448 8424 8401 8377 8348 8312 8266 8208 8139 8061 7983
1388.0140 7915 7862 7821 7785 7746 7700 7645 7581 7515 7449 7382 7312 7235
1394.2816 7154 7077 7018 6985 6974 6977 6986 7000 7021 7056 7108 7174 7251
1400.5491 7335 7427 7525 7628 7731 7831 7925 8015 8100 8177 8242 8290 8323
1406.8167 8344 8356 8362 8360 8352 8338 8316 8288 8251 8208 8158 8108 8060
1413.0841 8018 7984 7955 7926 7893 7852 7805 7755 7708 7665 7622 7572 7502
1419.3517 7417 7334 7270 7226 7190 7152 7106 7048 6979 6909 6847 6803 6777
1425.6191 6764 6760 6763 6772 6785 6805 6831 6860 6889 6912 6925 6930 6930
1431.8867 6925 6914 6895 6868 6834 6796 6756 6711 6657 6591 6523 6473 6453
1438.1542 6458 6474 6494 6514 6536 6561 6592 6625 6658 6685 6702 6712 6718
1444.4218 6727 6745 6774 6814 6865 6929 7006 7095 7191 7285 7374 7454 7524
1450.6892 7581 7623 7649 7661 7667 7673 7682 7695 7705 7708 7699 7668 7610
1456.9568 7532 7454 7393 7351 7319 7294 7272 7256 7245 7238 7231 7221 7205
1463.2242 7181 7149 7111 7073 7044 7026 7018 7014 7011 7010 7014 7026 7046
1469.4918 7075 7110 7153 7210 7288 7394 7519 7637 7728 7793 7845 7895 7952
1475.7593 8026 8113 8202 8280 8341 8385 8415 8434 8438 8425 8396 8354 8310
1482.0269 8271 8237 8207 8172 8130 8080 8025 7968 7908 7844 7774 7701 7633
1488.2943 7576 7534 7504 7480 7457 7433 7414 7405 7406 7416 7433 7454 7474
1494.5619 7491 7501 7503 7498 7490 7482 7477 7471 7458 7437 7410 7381 7352
1500.8293 7320 7281 7233 7177 7116 7058 7004 6955 6912 6878 6852 6827 6788
1507.0969 6739 6699 6673 6655 6643 6633 6626 6621 6620 6622 6631 6645 6664
1513.3644 6683 6699 6710 6716 6720 6729 6747 6769 6783 6783 6769 6747 6720
1519.6320 6691 6664 6642 6618 6581 6531 6477 6425 6371 6315 6257 6202 6154
1525.8994 6120 6100 6090 6084 6078 6070 6060 6048 6032 6013 5989 5963 5941
1532.1670 5931 5942 5970 6004 6024 6026 6014 5994 5968 5935 5897 5856 5826
1538.4344 5830 5891 6003 6111 6177 6217 6261 6322 6396 6471 6540 6611 6699
1544.7020 6813 6948 7083 7198 7290 7366 7438 7515 7608 7723 7860 8005 8134
1550.9695 8231 8294 8331 8355 8381 8427 8502 8591 8663 8701 8703 8678 8636
1557.2371 8595 8587 8667 8867 9095 9226 9265 9264 9249 9228 9205 9181 9161
1563.5045 9152 9158 9182 9218 9254 9277 9281 9268 9242 9213 9196 9208 9253
1569.7721 9309 9350 9365 9361 9347 9328 9306 9280 9248 9208 9164 9126 9110
1576.0396 9121 9144 9153 9139 9105 9056 9002 8949 8904 8868 8838 8809 8773
1582.3071 8729 8675 8615 8552 8490 8430 8374 8320 8270 8225 8189 8166 8159
1588.5746 8169 8192 8226 8265 8310 8357 8406 8455 8502 8545 8584 8617 8644
1594.8422 8664 8676 8679 8677 8672 8668 8666 8663 8659 8652 8643 8637 8636
1601.1096 8641 8651 8660 8665 8663 8652 8633 8609 8581 8551 8520 8492 8468
1607.3772 8448 8432 8419 8409 8400 8392 8385 8379 8373 8367 8364 8364 8368
1613.6447 8375 8380 8381 8379 8374 8369 8360 8348 8335 8326 8315 8300 8279
1619.9122 8254 8227 8199 8172 8143 8108 8061 8002 7938 7880 7833 7790 7744
1626.1797 7690 7624 7548 7469 7400 7352 7326 7318 7322 7335 7356 7386 7423
1632.4473 7464 7509 7555 7607 7672 7751 7826 7875 7899 7917 7935 7954 7968
1638.7148 7972 7966 7951 7931 7909 7886 7862 7835 7805 7773 7740 7704 7665
1644.9823 7620 7563 7488 7395 7292 7192 7104 7033 6978 6938 6910 6892 6882
1651.2499 6877 6878 6864 6763 6514 6260 6127 6079 6064 6058 6055 6054 6055
1657.5173 6060 6070 6084 6099 6113 6126 6135 6139 6137 6129 6117 6105 6100
1663.7849 6100 6102 6100 6092 6077 6061 6047 6037 6028 6014 5987 5946 5903
1670.0524 5874 5868 5884 5917 5958 6000 6037 6066 6087 6105 6119 6130 6141
1676.3199 6154 6168 6182 6196 6208 6220 6230 6233 6230 6222 6216 6217 6226
1682.5874 6242 6267 6290 6293 6274 6267 6289 6331 6381 6435 6492 6554 6620
1688.8550 6693 6772 6858 6949 7045 7146 7252 7360 7466 7563 7649 7724 7792
1695.1224 7861 7934 8003 8064 8119 8171 8217 8257 8288 8295 8239 8122 8041
1701.3900 8036 8072 8118 8160 8197 8226 8249 8269 8293 8326 8369 8419 8473
1707.6575 8526 8580 8637 8697 8761 8825 8884 8939 8991 9043 9094 9144 9189
1713.9250 9227 9253 9271 9287 9305 9329 9358 9387 9408 9420 9434 9461 9499
1720.1925 9541 9582 9617 9644 9664 9677 9684 9687 9688 9690 9695 9704 9715
1726.4601 9725 9732 9734 9732 9727 9721 9717 9716 9720 9729 9740 9749 9755
1732.7275 9755 9745 9715 9671 9642 9647 9676 9717 9760 9802 9841 9875 9899
1738.9951 9908 9900 9883 9870 9867 9874 9883 9890 9893 9894 9895 9899 9905
1745.2626 9911 9913 9909 9901 9890 9878 9869 9864 9862 9862 9859 9854 9846
1751.5302 9841 9843 9854 9873 9896 9918 9937 9949 9953 9947 9932 9911 9891
1757.7976 9878 9875 9880 9890 9897 9895 9879 9844 9799 9760 9739 9740 9754
1764.0652 9774 9794 9810 9820 9822 9813 9795 9771 9748 9735 9739 9753 9771
1770.3326 9782 9779 9752 9704 9652 9621 9619 9637 9658 9674 9682 9682 9680
1776.6002 9679 9682 9690 9699 9706 9707 9699 9683 9662 9646 9641 9649 9666
1782.8677 9685 9697 9697 9683 9659 9634 9617 9610 9611 9614 9616 9614 9609
1789.1353 9606 9606 9609 9611 9602 9576 9532 9486 9458 9458 9476 9500 9520
1795.4027 9531 9533 9534 9538 9549 9563 9577 9584 9582 9567 9544 9517 9492
1801.6703 9471 9458 9451 9450 9451 9455 9462 9471 9483 9494 9499 9498 9491
1807.9377 9481 9472 9464 9458 9450 9440 9431 9424 9421 9420 9419 9418 9418
1814.2053 9421 9428 9437 9445 9448 9445 9437 9426 9413 9401 9389 9377 9366
1820.4728 9357 9353 9356 9368 9388 9412 9433 9441 9427 9391 9345 9312 9307
1826.7404 9331 9371 9412 9440 9442 9411 9357 9308 9283 9284 9302 9322 9339
1833.0078 9348 9350 9350 9353 9360 9370 9380 9383 9374 9354 9330 9312 9307
1839.2754 9318 9342 9374 9409 9442 9470 9489 9491 9467 9410 9335 9273 9251
1845.5428 9265 9298 9334 9361 9375 9379 9381 9386 9397 9413 9430 9445 9457
1851.8104 9465 9468 9467 9463 9456 9450 9444 9438 9429 9415 9397 9377 9359
1858.0779 9347 9344 9349 9358 9368 9375 9377 9375 9374 9377 9388 9404 9425
1864.3455 9447 9467 9487 9505 9521 9530 9527 9504 9461 9403 9349 9316 9311
1870.6129 9331 9364 9399 9431 9455 9472 9485 9495 9504 9513 9523 9533 9542
1876.8805 9549 9552 9547 9536 9520 9505 9495 9492 9496 9503 9511 9517 9522
1883.1479 9526 9527 9526 9520 9511 9506 9510 9528 9559 9592 9616 9618 9595
1889.4155 9557 9524 9512 9523 9553 9588 9619 9640 9647 9641 9626 9607 9590
1895.6830 9583 9586 9597 9610 9621 9626 9628 9630 9634 9641 9648 9654 9656
1901.9506 9657 9659 9662 9668 9677 9690 9705 9721 9738 9750 9756 9754 9747
1908.2180 9736 9726 9719 9713 9708 9704 9701 9701 9703 9707 9713 9721 9732
1914.4856 9747 9769 9796 9820 9834 9828 9800 9759 9723 9706 9715 9742 9777
1920.7531 9809 9831 9837 9825 9800 9772 9751 9746 9758 9782 9811 9834 9846
1927.0206 9847 9840 9836 9838 9848 9859 9865 9862 9851 9838 9828 9824 9824
1933.2881 9824 9822 9819 9819 9824 9836 9852 9868 9879 9882 9881 9880 9884
1939.5557 9894 9908 9920 9924 9917 9899 9881 9875 9884 9905 9927 9940 9936
1945.8231 9917 9890 9868 9856 9857 9867 9881 9896 9910 9923 9934 9944 9951
1952.0907 9955 9956 9955 9955 9956 9959 9965 9972 9979 9984 9985 9981 9973
1958.3582 9961 9950 9943 9941 9944 9947 9945 9935 9919 9903 9896 9903 9925
1964.6257 9957 9989 10011 10016 10006 9984 9962 9946 9940 9944 9954 9965 9972
1970.8932 9975 9973 9968 9963 9960 9959 9963 9970 9980 9993 10007 10015 10014
1977.1608 10001 9976 9944 9911 9884 9866 9860 9863 9872 9881 9888 9892 9895
1983.4282 9899 9904 9909 9913 9916 9919 9924 9927 9926 9916 9899 9881 9871
1989.6958 9870 9877 9882 9876 9857 9832 9815 9818 9842 9879 9915 9939 9942
1995.9633 9927 9902 9878 9861 9851 9842 9830 9816 9803 9796 9800 9813 9829
2002.2308 9840 9843 9834 9815 9791 9765 9747 9739 9742 9754 9768 9778 9784
2008.4983 9785 9784 9785 9789 9794 9799 9802 9801 9795 9785 9771 9757 9743
2014.7659 9731 9720 9709 9702 9700 9705 9716 9728 9737 9737 9726 9706 9680
2021.0333 9655 9636 9625 9625 9632 9642 9652 9659 9662 9660 9657 9653 9648
2027.3009 9642 9634 9625 9616 9608 9604 9604 9610 9620 9633 9641 9641 9628
2033.5684 9603 9571 9540 9515 9502 9500 9504 9509 9511 9511 9510 9508 9506
2039.8359 9504 9500 9491 9480 9468 9461 9461 9470 9487 9507 9525 9535 9536
2046.1034 9526 9508 9487 9466 9447 9433 9421 9412 9404 9395 9386 9376 9368
2052.3708 9364 9369 9380 9393 9400 9396 9380 9358 9339 9329 9330 9337 9344
2058.6384 9347 9342 9334 9325 9317 9311 9304 9296 9286 9275 9265 9260 9258
2064.9060 9260 9263 9263 9261 9256 9251 9249 9249 9252 9255 9256 9253 9247
2071.1736 9237 9225 9213 9201 9191 9181 9173 9166 9159 9152 9145 9140 9138
2077.4409 9138 9141 9143 9142 9139 9134 9128 9122 9115 9106 9096 9087 9079
2083.7085 9075 9073 9074 9075 9077 9079 9081 9082 9083 9083 9081 9078 9075
2089.9761 9074 9074 9073 9070 9063 9053 9043 9033 9027 9024 9024 9026 9027
2096.2437 9028 9029 9029 9030 9031 9033 9032 9030 9024 9014 9003 8990 8978
2102.5110 8970 8965 8965 8967 8971 8977 8985 8994 9003 9009 9011 9004 8991
2108.7786 8976 8962 8956 8959 8968 8978 8980 8972 8955 8935 8921 8918 8925
2115.0461 8939 8950 8956 8954 8950 8948 8950 8954 8957 8953 8945 8935 8929
2121.3137 8930 8939 8951 8958 8956 8945 8931 8921 8919 8925 8935 8943 8947
2127.5811 8948 8949 8954 8961 8967 8967 8958 8942 8924 8910 8904 8905 8912
2133.8486 8918 8919 8912 8896 8878 8864 8860 8869 8887 8908 8925 8932 8929
2140.1162 8919 8908 8899 8894 8892 8890 8888 8887 8890 8899 8912 8927 8938
2146.3838 8940 8930 8911 8889 8870 8858 8854 8856 8862 8870 8878 8884 8887
2152.6511 8883 8876 8868 8864 8866 8877 8891 8904 8912 8912 8905 8891 8875
2158.9187 8861 8851 8846 8846 8846 8844 8836 8823 8807 8795 8788 8787 8790
2165.1863 8795 8801 8808 8816 8826 8837 8846 8852 8855 8854 8848 8839 8827
2171.4539 8811 8794 8780 8770 8768 8774 8787 8803 8815 8819 8814 8799 8782
2177.7212 8766 8757 8756 8763 8774 8785 8793 8796 8795 8791 8785 8779 8776
2183.9888 8775 8778 8783 8787 8788 8782 8769 8750 8730 8714 8706 8706 8713
2190.2563 8722 8731 8736 8739 8742 8745 8748 8751 8752 8752 8753 8756 8764
2196.5239 8775 8786 8791 8785 8770 8750 8730 8718 8715 8717 8721 8722 8720
2202.7913 8718 8718 8722 8727 8730 8729 8724 8719 8713 8707 8701 8696 8694
2209.0588 8698 8707 8718 8728 8731 8728 8723 8721 8727 8740 8757 8773 8782
2215.3264 8781 8767 8745 8720 8699 8688 8688 8698 8712 8727 8739 8751 8762
2221.5940 8774 8786 8797 8805 8810 8810 8808 8806 8803 8802 8803 8804 8804
2227.8613 8803 8801 8797 8792 8787 8780 8773 8767 8763 8762 8766 8777 8794
2234.1289 8815 8836 8854 8865 8872 8877 8883 8890 8899 8905 8907 8905 8900
2240.3965 8895 8891 8887 8884 8883 8885 8891 8902 8917 8932 8946 8958 8968
2246.6641 8977 8986 8993 8995 8992 8989 8989 8997 9014 9036 9058 9073 9081
2252.9314 9082 9082 9085 9095 9111 9129 9144 9154 9156 9153 9148 9145 9147
2259.1990 9156 9169 9184 9197 9207 9215 9225 9238 9257 9280 9302 9317 9323
2265.4666 9320 9313 9309 9311 9321 9338 9358 9376 9390 9401 9410 9418 9428
2271.7341 9440 9455 9472 9489 9504 9515 9523 9527 9529 9531 9535 9544 9559
2278.0015 9576 9596 9615 9632 9646 9656 9664 9671 9679 9690 9703 9715 9725
2284.2690 9731 9735 9741 9749 9760 9772 9782 9787 9789 9789 9792 9798 9807
2290.5366 9817 9825 9830 9832 9834 9839 9849 9866 9886 9908 9927 9942 9952
2296.8042 9956 9955 9949 9939 9930 9926 9930 9943 9963 9983 9999 10006 10006
2303.0715 10004 10002 10002 10005 10008 10006 10000 9991 9984 9987 10003 10030
2308.8569 10057 10072 10065 10038 10003 9974 9963 9974 10002 10037 10072 10101
2314.6423 10120 10125 10114 10086 10047 10006 9972 9953 9952 9966 9991 10021
2320.4277 10053 10083 10103 10107 10088 10047 9995 9949 9921 9918 9933 9957
2326.2131 9979 9997 10011 10021 10025 10021 10010 10000 10002 10022 10055
2331.5166 10084 10097 10092 10075 10056 10041 10025 10002 9970 9937 9916 9919
2337.3020 9940 9965 9975 9955 9906 9838 9769 9723 9716 9755 9838 9947 10060
2343.5693 10155 10220 10261 10295 10336 10382 10418 10427 10402 10346 10266
2348.8728 10173 10077 9988 9917 9874 9860 9868 9889 9913 9933 9945 9952 9957
2355.1401 9969 9997 10041 10092 10129 10126 10066 9959 9840 9754 9731 9766
2360.9255 9821 9853 9836 9785 9734 9717 9736 9768 9779 9753 9704 9662 9660
2367.1931 9711 9805 9914 10009 10067 10082 10062 10024 9988 9970 9974 9997
2372.9785 10030 10060 10082 10092 10092 10085 10074 10062 10056 10058 10073
2378.2817 10102 10139 10179 10213 10237 10251 10257 10259 10260 10263 10267
2383.5852 10272 10276 10278 10277 10273 10267 10260 10251 10242 10231 10219
2388.8884 10209 10202 10200 10203 10209 10212 10211 10203 10191 10178 10167
2394.1917 10157 10148 10137 10123 10107 10092 10081 10076 10073 10070 10064
2399.4949 10053 10041 10030 10026 10028 10034 10040 10042 10037 10022 10000
2404.7983 9977 9955 9934 9916 9899 9881 9862 9843 9825 9811 9801 9795 9792
2411.0657 9789 9785 9776 9763 9745 9727 9711 9701 9698 9698 9696 9689 9676
2417.3333 9658 9639 9622 9608 9596 9585 9575 9568 9565 9564 9563 9558 9548
2423.6008 9532 9510 9486 9460 9437 9418 9408 9407 9416 9430 9442 9449 9448
2429.8684 9441 9430 9421 9413 9406 9397 9385 9367 9346 9325 9307 9294 9285
2436.1357 9278 9273 9268 9265 9265 9269 9275 9279 9280 9274 9263 9251 9241
2442.4033 9234 9229 9224 9216 9208 9200 9195 9194 9194 9194 9192 9187 9181
2448.6709 9176 9172 9170 9167 9163 9159 9155 9150 9145 9139 9133 9128 9125
2454.9385 9123 9120 9115 9107 9098 9092 9092 9099 9109 9119 9125 9126 9123
2461.2058 9121 9121 9122 9122 9117 9105 9091 9079 9074 9082 9098 9119 9135
2467.4734 9141 9137 9125 9113 9107 9110 9119 9130 9136 9134 9126 9116 9109
2473.7410 9109 9113 9120 9126 9130 9133 9138 9144 9149 9152 9151 9148 9144
2480.0085 9144 9148 9157 9168 9180 9190 9196 9198 9197 9196 9199 9206 9217
2486.2759 9226 9229 9226 9218 9212 9211 9217 9227 9237 9244 9248 9249 9251
2492.5435 9254 9258 9261 9262 9262 9261 9263 9269 9278 9289 9299 9306 9310
2498.8110 9313 9318 9325 9335 9346 9355 9360 9361 9358 9355 9352 9352 9356
2505.0786 9361 9366 9370 9374 9380 9388 9399 9414 9432 9451 9471 9488 9501
2511.3459 9506 9505 9501 9498 9499 9505 9513 9520 9524 9526 9529 9535 9545
2517.6135 9558 9570 9579 9584 9585 9585 9584 9583 9585 9587 9591 9595 9600
2523.8811 9606 9612 9619 9625 9630 9633 9637 9646 9660 9676 9688 9692 9684
2530.1487 9667 9649 9636 9634 9641 9655 9670 9685 9697 9707 9716 9724 9731
2536.4160 9737 9742 9746 9750 9753 9757 9763 9769 9776 9783 9790 9797 9806
2542.6836 9815 9824 9832 9837 9841 9843 9843 9839 9832 9822 9810 9801 9798
2548.9512 9802 9812 9827 9844 9859 9872 9881 9888 9893 9898 9903 9908 9913
2555.2188 9917 9919 9919 9914 9904 9890 9874 9860 9854 9857 9868 9882 9896
2561.4861 9904 9907 9907 9909 9914 9923 9934 9944 9950 9952 9951 9947 9941
2567.7537 9936 9929 9922 9913 9902 9890 9877 9867 9862 9865 9875 9888 9901
2574.0212 9911 9916 9918 9920 9922 9927 9932 9939 9945 9951 9955 9953 9944
2580.2888 9929 9912 9897 9888 9887 9890 9896 9900 9899 9893 9882 9869 9857
2586.5562 9852 9856 9867 9883 9895 9898 9891 9876 9860 9847 9840 9839 9842
2592.8237 9845 9848 9849 9849 9847 9843 9836 9828 9820 9816 9817 9821 9827
2599.0913 9830 9827 9818 9806 9794 9787 9785 9789 9794 9800 9804 9806 9806
2605.3589 9804 9800 9792 9781 9768 9755 9743 9734 9730 9728 9730 9733 9737
2611.6262 9744 9750 9755 9755 9750 9739 9728 9720 9715 9713 9710 9704 9693
2617.8938 9681 9671 9666 9667 9670 9677 9684 9691 9697 9698 9693 9681 9663
2624.1614 9642 9622 9607 9601 9603 9613 9627 9639 9644 9638 9624 9607 9593
2630.4290 9584 9581 9581 9582 9582 9581 9579 9576 9572 9567 9561 9552 9541
2636.6965 9528 9516 9507 9502 9501 9501 9500 9496 9490 9484 9482 9483 9486
2642.9639 9488 9488 9484 9478 9472 9467 9465 9463 9462 9460 9457 9455 9452
2649.2314 9451 9449 9448 9445 9441 9437 9431 9426 9421 9416 9413 9411 9413
2655.4990 9417 9420 9420 9415 9403 9389 9376 9367 9364 9365 9369 9374 9377
2661.7666 9378 9375 9369 9362 9357 9356 9359 9366 9373 9378 9379 9377 9371
2668.0339 9364 9356 9347 9339 9332 9328 9329 9333 9340 9347 9351 9351 9346
2674.3015 9340 9334 9331 9335 9342 9352 9360 9364 9362 9355 9346 9336 9327
2680.5691 9319 9311 9305 9303 9305 9310 9316 9320 9320 9318 9316 9318 9323
2686.8367 9329 9335 9336 9334 9329 9324 9321 9320 9321 9323 9323 9322 9320
2693.1040 9317 9315 9313 9312 9311 9310 9311 9313 9318 9325 9332 9337 9337
2699.3716 9334 9329 9324 9320 9317 9316 9315 9315 9317 9320 9325 9330 9333
2705.6392 9333 9331 9328 9325 9323 9321 9319 9316 9313 9310 9307 9306 9305
2711.9067 9305 9305 9309 9315 9323 9331 9336 9336 9331 9324 9315 9308 9303
2718.1741 9301 9302 9305 9307 9309 9309 9308 9309 9311 9314 9317 9320 9322
2724.4417 9325 9328 9333 9337 9339 9338 9335 9331 9327 9325 9322 9320 9316
2730.7092 9313 9311 9311 9316 9323 9333 9341 9346 9346 9342 9336 9333 9334
2736.9768 9340 9348 9356 9363 9369 9375 9384 9394 9405 9411 9413 9410 9404
2743.2441 9398 9392 9388 9383 9380 9378 9379 9384 9391 9397 9401 9401 9398
2749.5117 9395 9395 9398 9405 9411 9414 9413 9408 9401 9396 9394 9396 9405
2755.7793 9419 9435 9450 9460 9462 9458 9451 9445 9442 9441 9440 9437 9433
2762.0469 9430 9430 9434 9437 9440 9440 9438 9436 9434 9431 9428 9425 9425
2768.3142 9427 9431 9436 9439 9442 9447 9457 9471 9486 9499 9505 9503 9493
2774.5818 9480 9467 9455 9446 9440 9436 9437 9442 9451 9464 9478 9490 9498
2780.8494 9502 9503 9502 9504 9508 9517 9527 9535 9538 9534 9522 9507 9492
2787.1169 9483 9483 9491 9505 9520 9531 9536 9536 9534 9534 9536 9541 9546
2793.3843 9549 9551 9553 9557 9563 9571 9580 9590 9599 9608 9614 9616 9613
2799.6519 9605 9594 9586 9585 9592 9606 9621 9632 9636 9634 9628 9624 9622
2805.9194 9624 9628 9630 9629 9623 9615 9607 9604 9607 9616 9628 9641 9651
2812.1870 9657 9660 9661 9664 9666 9668 9668 9665 9659 9652 9645 9639 9635
2818.4543 9635 9639 9649 9664 9680 9695 9704 9705 9696 9682 9668 9658 9654
2824.7219 9655 9659 9664 9666 9668 9668 9667 9666 9663 9658 9650 9641 9633
2830.9895 9629 9632 9642 9656 9668 9674 9671 9658 9640 9620 9602 9588 9579
2837.2571 9572 9568 9564 9560 9557 9558 9565 9580 9601 9624 9645 9661 9671
2843.5244 9674 9674 9673 9672 9673 9675 9679 9682 9685 9685 9683 9678 9675
2849.7920 9676 9683 9695 9712 9729 9744 9755 9763 9769 9775 9778 9778 9774
2856.0596 9765 9756 9750 9750 9757 9773 9794 9816 9835 9847 9848 9840 9826
2862.3271 9810 9798 9793 9794 9802 9811 9820 9825 9825 9822 9816 9811 9807
2868.5945 9807 9811 9818 9827 9837 9843 9842 9830 9809 9787 9769 9762 9766
2874.8621 9778 9792 9803 9810 9813 9813 9814 9815 9815 9815 9815 9814 9814
2881.1296 9816 9820 9824 9829 9830 9829 9825 9824 9830 9843 9862 9880 9892
2887.3972 9891 9879 9860 9842 9829 9824 9826 9832 9838 9845 9855 9867 9883
2893.6646 9900 9914 9919 9915 9901 9880 9855 9834 9822 9821 9833 9851 9869
2899.9321 9882 9887 9885 9881 9876 9870 9863 9855 9848 9843 9839 9838 9839
2906.1997 9842 9848 9857 9868 9877 9881 9882 9881 9883 9890 9901 9910 9914
2912.4673 9911 9904 9898 9897 9902 9910 9916 9915 9907 9893 9878 9867 9863
2918.7346 9866 9873 9879 9880 9878 9874 9872 9871 9869 9865 9857 9848 9844
2925.0022 9847 9859 9874 9887 9894 9895 9892 9888 9887 9887 9887 9887 9884
2931.2698 9878 9868 9852 9831 9807 9786 9771 9764 9766 9773 9784 9796 9809
2937.5374 9821 9830 9834 9833 9829 9825 9822 9821 9819 9815 9810 9804 9800
2943.8047 9800 9804 9811 9820 9831 9841 9848 9850 9846 9835 9820 9805 9792
2950.0723 9783 9777 9775 9776 9781 9789 9800 9811 9822 9831 9838 9841 9841
2956.3398 9835 9823 9805 9783 9762 9745 9733 9726 9721 9714 9706 9696 9687
2962.6074 9683 9685 9696 9714 9737 9762 9784 9801 9810 9814 9814 9814 9817
2968.8748 9822 9827 9830 9831 9830 9832 9838 9848 9860 9870 9876 9879 9879
2975.1423 9880 9885 9894 9905 9916 9924 9927 9927 9926 9926 9928 9929 9927
2981.4099 9919 9909 9899 9894 9896 9903 9910 9914 9912 9905 9898 9891 9888
2987.6775 9886 9887 9889 9893 9897 9899 9895 9882 9860 9834 9812 9802 9805
2993.9448 9818 9831 9835 9826 9806 9781 9761 9753 9757 9769 9783 9792 9793
3000.2124 9785 9772 9758 9747 9740 9735 9730 9723 9712 9699 9686 9676 9668
3006.4800 9664 9663 9663 9666 9669 9673 9678 9685 9691 9698 9702 9704 9704
3012.7476 9703 9702 9700 9699 9700 9702 9706 9711 9716 9716 9710 9699 9685
3019.0149 9673 9669 9675 9691 9712 9732 9742 9741 9730 9714 9698 9688 9683
3025.2825 9680 9676 9669 9660 9653 9651 9654 9662 9671 9681 9689 9696 9702
3031.5500 9708 9713 9715 9715 9712 9708 9702 9696 9688 9676 9660 9644 9633
3037.8176 9632 9641 9656 9671 9680 9681 9677 9672 9672 9674 9678 9678 9673
3044.0850 9667 9665 9670 9683 9700 9715 9723 9721 9712 9701 9691 9683 9679
3050.3525 9677 9678 9685 9697 9710 9722 9728 9728 9721 9712 9703 9697 9696
3056.6201 9698 9702 9705 9706 9705 9700 9695 9689 9683 9676 9670 9669 9674
3062.8877 9689 9709 9729 9743 9748 9744 9734 9723 9717 9718 9723 9730 9734
3069.1550 9730 9719 9702 9688 9683 9690 9708 9728 9744 9749 9743 9730 9716
3075.4226 9704 9696 9692 9691 9689 9688 9688 9690 9695 9703 9712 9717 9716
3081.6902 9708 9698 9690 9689 9693 9698 9701 9698 9690 9682 9676 9673 9671
3087.9578 9668 9662 9655 9651 9651 9658 9668 9678 9683 9682 9675 9665 9656
3094.2251 9650 9649 9653 9663 9678 9696 9712 9721 9718 9704 9683 9663 9653
3100.4927 9656 9670 9692 9715 9733 9747 9754 9756 9754 9748 9738 9725 9712
3106.7603 9700 9692 9688 9688 9691 9697 9703 9709 9714 9716 9718 9720 9724
3113.0278 9731 9738 9742 9739 9731 9721 9714 9715 9723 9733 9741 9742 9736
3119.2952 9726 9716 9709 9705 9702 9699 9695 9689 9684 9680 9679 9682 9688
3125.5627 9697 9708 9718 9724 9726 9721 9713 9704 9699 9698 9700 9702 9703
3131.8303 9703 9701 9699 9696 9690 9681 9670 9661 9659 9666 9680 9699 9716
3138.0979 9724 9720 9702 9673 9640 9613 9600 9603 9620 9643 9663 9674 9677
3144.3652 9675 9671 9669 9668 9666 9663 9661 9664 9670 9677 9680 9675 9661
3150.6328 9642 9625 9615 9617 9629 9649 9669 9685 9690 9685 9672 9656 9645
3156.9004 9642 9645 9651 9652 9645 9631 9615 9603 9600 9605 9616 9627 9634
3163.1680 9634 9627 9617 9607 9603 9605 9610 9615 9613 9604 9590 9576 9565
3169.4353 9559 9543 9544 9547 9556 9570 9588 9605 9617 9619 9614 9603 9590
3175.7029 9574 9557 9539 9523 9512 9509 9515 9525 9535 9542 9543 9539 9532
3181.9705 9522 9512 9506 9509 9522 9545 9570 9587 9589 9575 9551 9526 9509
3188.2380 9505 9510 9518 9522 9518 9508 9495 9485 9479 9479 9481 9485 9487
3194.5054 9488 9485 9481 9474 9464 9451 9435 9419 9403 9394 9392 9398 9409
3200.7729 9421 9427 9427 9419 9406 9393 9384 9381 9384 9392 9401 9408 9410
3207.0405 9408 9401 9392 9382 9372 9361 9353 9348 9349 9354 9362 9369 9374
3213.3081 9376 9377 9378 9377 9372 9362 9348 9333 9322 9317 9318 9322 9325
3219.5754 9326 9323 9318 9309 9298 9285 9273 9264 9259 9260 9265 9273 9282
3225.8430 9290 9295 9294 9284 9268 9248 9232 9225 9228 9238 9249 9258 9263
3232.1106 9267 9274 9284 9292 9293 9283 9263 9238 9215 9201 9197 9198 9199
3238.3782 9196 9191 9186 9185 9187 9188 9184 9175 9163 9157 9159 9170 9184
3244.6455 9197 9205 9207 9205 9200 9193 9184 9176 9174 9180 9193 9209 9219
3250.9131 9218 9205 9186 9168 9157 9154 9158 9166 9177 9192 9211 9231 9247
3257.1807 9254 9248 9233 9214 9198 9190 9189 9191 9191 9186 9174 9157 9138
3263.4482 9119 9107 9104 9112 9132 9159 9186 9205 9211 9203 9186 9168 9155
3269.7156 9151 9156 9163 9167 9163 9152 9138 9127 9122 9122 9121 9114 9100
3275.9832 9082 9068 9063 9071 9085 9100 9108 9105 9092 9072 9049 9029 9011
3282.2507 8998 8985 8970 8950 8926 8904 8893 8897 8914 8939 8960 8969 8960
3288.5183 8936 8903 8867 8833 8805 8786 8774 8766 8758 8747 8731 8714 8700
3294.7856 8692 8688 8689 8689 8688 8682 8671 8655 8635 8610 8584 8556 8527
3301.0532 8500 8476 8460 8453 8455 8462 8472 8479 8481 8481 8477 8472 8463
3307.3208 8451 8436 8420 8407 8396 8390 8384 8375 8361 8341 8319 8299 8284
3313.5884 8277 8276 8280 8287 8297 8308 8320 8331 8341 8353 8370 8395 8434
3319.8557 8486 8549 8618 8688 8751 8805 8849 8887 8924 8964 9009 9056 9101
3326.1233 9142 9180 9218 9260 9304 9348 9388 9423 9455 9487 9519 9549 9572
3332.3909 9587 9595 9601 9608 9618 9627 9632 9634 9635 9636 9640 9648 9658
3338.6584 9670 9685 9699 9709 9709 9697 9675 9652 9636 9635 9650 9676 9704
3344.9258 9726 9735 9733 9723 9712 9707 9708 9714 9722 9726 9724 9717 9706
3351.1934 9693 9679 9665 9651 9641 9635 9636 9644 9658 9676 9694 9707 9712
3357.4609 9705 9688 9670 9662 9675 9710 9760 9812 9850 9868 9873 9875 9887
3363.7285 9909 9936 9955 9956 9938 9910 9885 9873 9878 9899 9926 9950 9964
3369.9958 9965 9953 9936 9922 9917 9923 9936 9950 9957 9956 9952 9951 9956
3376.2634 9968 9983 9997 10007 10016 10023 10030 10033 10028 10017 10002 9990
3382.0488 9982 9981 9984 9988 9991 9993 9994 9992 9985 9972 9957 9947 9947
3388.3164 9962 9989 10021 10046 10054 10041 10010 9971 9936 9915 9915 9931
3394.1018 9957 9986 10010 10025 10029 10024 10012 9996 9981 9971 9967 9970
3399.8872 9974 9977 9976 9969 9958 9943 9929 9917 9912 9914 9924 9942 9963
3406.1548 9985 10004 10018 10024 10022 10015 10004 9991 9979 9967 9956 9945
3411.9402 9933 9921 9913 9912 9919 9933 9949 9965 9976 9981 9982 9981 9983
3418.2075 9988 9995 10004 10011 10015 10017 10016 10012 10004 9991 9974 9958
3423.9929 9946 9943 9950 9966 9987 10008 10022 10026 10016 9994 9967 9943 9926
3430.2605 9921 9924 9932 9944 9956 9971 9985 9996 10001 9998 9988 9975 9964
3436.5281 9959 9962 9970 9979 9984 9980 9968 9953 9941 9935 9937 9943 9951
3442.7957 9960 9969 9980 9989 9991 9981 9959 9931 9909 9903 9914 9938 9969
3449.0630 9998 10023 10042 10051 10048 10032 10006 9975 9947 9925 9910 9899
3454.8484 9893 9892 9897 9910 9927 9943 9955 9961 9961 9957 9951 9942 9930
3461.1160 9915 9901 9892 9892 9903 9921 9939 9949 9947 9934 9913 9894 9883
3467.3835 9878 9878 9878 9876 9874 9876 9884 9897 9910 9918 9920 9919 9923
3473.6511 9936 9955 9972 9977 9965 9938 9906 9880 9866 9863 9864 9860 9846
3479.9185 9823 9799 9782 9781 9795 9819 9845 9866 9880 9888 9894 9901 9909
3486.1860 9917 9921 9919 9912 9905 9903 9907 9916 9925 9930 9929 9922 9915
3492.4536 9909 9907 9905 9903 9901 9901 9905 9910 9911 9906 9894 9878 9865
3498.7212 9861 9864 9870 9872 9865 9851 9835 9823 9824 9838 9864 9893 9918
3504.9885 9934 9939 9938 9939 9944 9951 9956 9952 9937 9917 9901 9893 9890
3511.2561 9886 9875 9859 9846 9842 9849 9860 9866 9861 9848 9837 9835 9843
3517.5237 9857 9869 9877 9882 9888 9898 9910 9920 9925 9922 9916 9912 9913
3523.7913 9918 9926 9931 9929 9916 9892 9860 9827 9803 9794 9803 9823 9847
3530.0586 9870 9891 9912 9937 9965 9992 10011 10020 10019 10008 9990 9966 9938
3536.3262 9913 9895 9891 9898 9909 9912 9902 9877 9845 9817 9803 9808 9829
3542.5938 9859 9890 9912 9922 9919 9907 9893 9881 9874 9870 9867 9864 9864
3548.8613 9870 9884 9906 9929 9944 9942 9923 9892 9860 9838 9828 9828 9833
3555.1287 9839 9847 9857 9869 9885 9900 9912 9918 9916 9907 9894 9882 9876
3561.3962 9878 9887 9903 9925 9949 9973 9995 10010 10016 10009 9985 9942 9883
3567.6638 9823 9776 9752 9753 9772 9798 9821 9834 9837 9837 9843 9862 9895
3573.9314 9936 9975 10004 10020 10023 10015 10001 9984 9963 9940 9919 9906
3579.7168 9909 9932 9967 9997 10005 9981 9933 9880 9845 9839 9859 9891 9918
3585.9841 9921 9893 9837 9775 9727 9708 9723 9765 9821 9876 9919 9944 9952
3592.2517 9947 9939 9932 9923 9911 9892 9874 9863 9864 9874 9885 9892 9893
3598.5193 9890 9887 9888 9893 9903 9919 9940 9959 9971 9974 9971 9968 9971
3604.7869 9980 9989 9990 9980 9962 9943 9928 9915 9900 9889 9889 9905 9929
3611.0542 9948 9948 9919 9870 9824 9808 9831 9881 9942 10000 10048 10086 10110
3617.3218 10110 10075 9996 9887 9785 9724 9720 9762 9827 9890 9939 9971 9988
3623.5894 9997 10003 10008 10013 10022 10036 10053 10065 10051 9977 9816 9617
3629.3748 9493 9496 9592 9725 9856 9965 10040 10076 10076 10051 10021 9999
3635.1602 9991 9994 10001 10010 10018 10024 10029 10034 10036 10035 10026
3640.4634 10010 9989 9969 9956 9955 9968 9991 10018 10042 10055 10051 10024
3646.2488 9976 9915 9859 9829 9826 9837 9841 9825 9793 9773 9787 9838 9910
3652.5164 9985 10050 10098 10127 10138 10127 10093 10039 9984 9954 9955 9977
3658.3018 10006 10032 10049 10056 10052 10042 10025 10005 9985 9968 9959 9960
3664.0872 9969 9983 9999 10017 10036 10054 10070 10079 10077 10061 10028 9976
3669.8726 9913 9859 9836 9848 9883 9924 9958 9981 9997 10005 9986 9917 9831
3676.1401 9791 9802 9841 9885 9920 9944 9958 9970 9991 10024 10062 10093 10104
3682.4077 10088 10051 10004 9968 9955 9969 10000 10031 10047 10038 9998 9929
3688.1931 9851 9788 9752 9735 9732 9743 9775 9826 9885 9937 9971 9987 9991
3694.4604 9993 10004 10027 10056 10078 10084 10074 10054 10037 10033 10043
3699.7639 10063 10081 10082 10056 10009 9962 9932 9923 9926 9931 9936 9943
3705.5493 9963 9998 10042 10081 10098 10081 10032 9974 9940 9947 9990 10041
3711.3347 10069 10053 10007 9968 9956 9967 9988 10006 10013 10007 9993 9980
3717.1201 9975 9984 10005 10032 10051 10055 10046 10029 10009 9988 9965 9940
3722.9055 9917 9903 9899 9905 9914 9923 9927 9927 9929 9937 9951 9968 9986
3729.1729 10004 10024 10049 10076 10092 10079 10029 9957 9887 9838 9819 9834
3734.9583 9876 9926 9963 9985 9995 9999 9999 9997 9995 9993 9994 9996 9998
3741.2258 9999 10000 10001 10008 10034 10082 10119 10093 10035 9991 9962 9933
3747.0112 9896 9855 9821 9806 9811 9825 9834 9834 9830 9832 9848 9879 9919
3753.2788 9958 9987 10001 9997 9976 9943 9910 9891 9892 9909 9930 9940 9927
3759.5464 9891 9855 9841 9856 9892 9934 9970 9989 9991 9981 9969 9958 9948
3765.8137 9935 9919 9902 9887 9879 9883 9906 9946 9993 10029 10047 10049 10041
3772.0813 10028 10011 9992 9975 9961 9953 9954 9962 9973 9982 9987 9989 9994
3778.3489 10005 10020 10032 10027 10004 9969 9932 9906 9897 9911 9946 9991
3784.1343 10030 10049 10038 10002 9956 9914 9888 9886 9905 9940 9982 10021
3789.9197 10050 10062 10052 10021 9977 9936 9912 9914 9938 9971 9997 10007
3795.7051 9998 9980 9967 9967 9975 9983 9987 9992 10002 10026 10057 10070
3801.4905 10045 9994 9950 9931 9930 9939 9946 9949 9953 9968 10003 10047 10079
3807.7581 10083 10060 10023 9984 9954 9940 9944 9962 9987 10012 10034 10051
3813.5435 10059 10062 10062 10065 10073 10079 10076 10063 10039 10005 9964
3818.8467 9920 9882 9861 9865 9888 9915 9936 9951 9963 9974 9982 9988 9994
3825.1143 10003 10019 10043 10071 10094 10104 10098 10078 10051 10026 10011
3830.4175 10014 10036 10068 10096 10112 10115 10110 10101 10090 10077 10060
3835.7207 10040 10019 9997 9977 9959 9940 9921 9906 9896 9897 9912 9939 9972
3841.9883 10005 10030 10044 10044 10034 10024 10025 10040 10066 10091 10104
3847.2915 10097 10069 10032 10004 9996 10010 10038 10060 10060 10028 9975 9940
3853.0769 9970 10073 10184 10242 10241 10204 10156 10113 10086 10076 10074
3858.3801 10068 10052 10025 9994 9968 9957 9966 9993 10029 10070 10114 10159
3864.1655 10201 10225 10220 10192 10155 10119 10084 10050 10017 9991 9983 9997
3869.9509 10023 10040 10041 10030 10015 10005 10006 10021 10048 10075 10097
3875.2544 10111 10115 10110 10093 10068 10041 10017 10000 9996 10009 10043
3880.5576 10093 10144 10181 10195 10185 10162 10142 10142 10172 10221 10258
3885.8608 10249 10197 10129 10068 10022 9990 9968 9957 9963 9994 10051 10121
3891.6462 10181 10214 10220 10207 10182 10149 10111 10071 10034 10008 9995
3896.9495 9997 10014 10043 10079 10114 10142 10161 10172 10174 10164 10140
3902.2529 10106 10073 10057 10069 10108 10158 10197 10210 10197 10166 10132
3907.5562 10106 10094 10095 10104 10114 10120 10118 10114 10113 10122 10138
3912.8594 10155 10162 10153 10132 10111 10102 10116 10147 10177 10184 10164
3918.1626 10127 10092 10075 10082 10106 10126 10126 10100 10059 10015 9985
3923.4661 9976 9988 10010 10030 10041 10048 10056 10068 10082 10091 10089
3928.7693 10073 10051 10033 10033 10057 10102 10157 10201 10216 10196 10146
3934.0725 10081 10017 9969 9946 9950 9974 10005 10034 10058 10074 10085 10087
3939.8579 10075 10043 9996 9946 9915 9919 9956 10007 10048 10066 10065 10058
3945.6433 10058 10070 10089 10103 10101 10083 10053 10024 10003 9992 9991 9994
3951.4287 9997 9997 9993 9988 9986 9991 10005 10022 10034 10033 10016 9985
3957.2141 9950 9921 9904 9902 9914 9938 9970 10006 10042 10069 10084 10089
3962.9995 10087 10083 10076 10065 10047 10021 9990 9961 9941 9932 9937 9954
3968.7849 9977 10001 10020 10031 10032 10025 10015 10006 10003 10003 10005
3974.0881 10005 10003 10003 10007 10019 10033 10045 10047 10033 10001 9957
3979.3916 9911 9879 9872 9896 9944 9997 10036 10047 10029 9995 9962 9940 9930
3985.6589 9929 9932 9936 9943 9955 9970 9982 9986 9984 9977 9971 9969 9972
3991.9265 9976 9983 9993 10009 10032 10059 10083 10098 10096 10079 10051 10020
3997.7119 9995 9983 9982 9989 9999 10005
##END= 
